0.10028
0.63165
0.43758
0.68145
0.80304
0.36662
0.67033
0.06440
0.57634
0.67829
0.32096
0.29926
0.26918
0.25197
0.24358
0.46348
0.42598
0.84312
0.23155
0.61038
0.89149
0.53811
0.72101
0.91749
0.03071
0.77276
0.68138
0.78951
0.36429
0.04723
0.94236
0.96256
0.75935
0.62469
0.38800
0.49774
0.89649
0.76450
0.60084
0.81513
0.10152
0.70599
0.79677
0.02941
0.02160
0.09208
0.12347
0.52932
0.80599
0.83906
0.73209
0.50226
0.08724
0.62740
0.13457
0.74504
0.68683
0.69440
0.12327
0.23369
0.74587
0.46878
0.02471
0.72485
0.25817
0.82672
0.63918
0.89692
0.59093
0.34255
0.77145
0.67811
0.67044
0.56675
0.52813
0.79746
0.85745
0.89775
0.16443
0.92686
0.70718
0.18004
0.92645
0.10388
0.23809
0.51334
0.45221
0.61109
0.01705
0.89235
0.43734
0.87352
0.01557
0.37285
0.36499
0.21427
0.96847
0.57154
0.57720
0.17537
0.83943
0.13630
0.48772
0.73548
0.97112
0.48915
0.12955
0.34660
0.24294
0.65134
0.55100
0.01350
0.92070
0.10644
0.49604
0.58693
0.52683
0.70948
0.84708
0.72318
0.73539
0.94370
0.00358
0.90000
0.80464
0.15519
0.33095
0.91761
0.18251
0.85813
0.83448
0.75202
0.92537
0.39384
0.28951
0.98771
0.62125
0.95344
0.43892
0.10623
0.31090
0.17741
0.27737
0.35964
0.41766
0.55582
0.19990
0.37159
0.32497
0.23348
0.44193
0.06868
0.22062
0.01897
0.02947
0.57269
0.13456
0.64828
0.77651
0.06102
0.52795
0.48310
0.45266
0.58116
0.77111
0.72649
0.74026
0.27269
0.82107
0.81289
0.35146
0.78548
0.42444
0.59312
0.45273
0.66011
0.66570
0.67392
0.96278
0.85130
0.75622
0.56059
0.09651
0.52846
0.32962
0.16375
0.35303
0.39726
0.18195
0.94113
0.39506
0.00934
0.20713
0.97580
0.01841
0.04434
0.99791
0.35416
0.29867
0.73139
0.61810
0.33620
0.72730
0.04308
0.75200
0.64206
0.71944
0.40510
0.95085
0.85340
0.72326
0.46574
0.12229
0.57427
0.86223
0.78632
0.15295
0.96132
0.86000
0.18310
0.52640
0.40562
0.95204
0.13266
0.31222
0.31086
0.65272
0.14169
0.93330
0.94820
0.05412
0.68327
0.06329
0.86929
0.36439
0.27623
0.62604
0.55189
0.69321
0.57147
0.87980
0.12444
0.89297
0.41014
0.22251
0.87636
0.76829
0.13921
0.35457
0.62715
0.92732
0.93044
0.24535
0.46354
0.62626
0.40753
0.26724
0.28313
0.22819
0.12665
0.40533
0.33741
0.32239
0.28324
0.31011
0.98702
0.14000
0.72038
0.78890
0.08927
0.25892
0.81904
0.87159
0.84242
0.16053
0.27814
0.89367
0.66405
0.86769
0.28590
0.54069
0.20409
0.11134
0.04958
0.42334
0.17010
0.07421
0.06007
0.52379
0.89007
0.07051
0.75790
0.74709
0.13746
0.00796
0.61077
0.38300
0.28504
0.02604
0.12291
0.88902
0.97169
0.94831
0.97785
0.89173
0.97956
0.47711
0.91190
0.67543
0.46686
0.61883
0.55997
0.71314
0.75713
0.44927
0.26257
0.04821
0.65236
0.21640
0.72943
0.18467
0.82421
0.67974
0.38942
0.87592
0.19203
0.26964
0.10682
0.18447
0.69552
0.79758
0.12496
0.76778
0.93840
0.20882
0.29620
0.58669
0.38224
0.48012
0.46412
0.82105
0.45361
0.30161
0.74729
0.06240
0.85427
0.21075
0.60407
0.68004
0.83112
0.55699
0.75141
0.72382
0.87933
0.42233
0.36781
0.09987
0.87734
0.95767
0.59119
0.90881
0.81139
0.04094
0.64355
0.92678
0.53391
0.37812
0.62425
0.19405
0.08855
0.46748
0.43228
0.67011
0.82241
0.14140
0.80500
0.32263
0.35808
0.12314
0.13212
0.23644
0.97203
0.75675
0.90713
0.84574
0.89967
0.29724
0.35958
0.33976
0.56997
0.58370
0.32136
0.84077
0.39029
0.09619
0.29237
0.24732
0.40940
0.90316
0.27279
0.13573
0.83544
0.66421
0.14677
0.94250
0.81414
0.20681
0.14118
0.69292
0.62491
0.74102
0.04374
0.96545
0.84934
0.41960
0.99951
0.94346
0.35867
0.46416
0.97652
0.29771
0.45549
0.21148
0.70426
0.78378
0.48478
0.07441
0.52691
0.39825
0.55414
0.99704
0.63659
0.67237
0.07148
0.46104
0.15212
0.01589
0.80429
0.32698
0.21083
0.73389
0.14439
0.82193
0.17168
0.32598
0.07810
0.66932
0.29947
0.29423
0.36793
0.73061
0.42712
0.87934
0.16128
0.14621
0.35947
0.63992
0.42775
0.21970
0.92166
0.37394
0.62384
0.99191
0.34716
0.63226
0.16871
0.19345
0.30678
0.54079
0.38297
0.39973
0.13525
0.36693
0.89373
0.78769
0.02082
0.18072
0.47201
0.44144
0.92485
0.82732
0.34823
0.24342
0.69305
0.71021
0.98870
0.86016
0.61021
0.78759
0.31165
0.13634
0.29063
0.64781
0.62669
0.17534
0.02017
0.05487
0.71602
0.03973
0.78436
0.84658
0.06147
0.24679
0.69427
0.29100
0.45775
0.43424
0.70654
0.76932
0.28696
0.41395
0.99710
0.30560
0.16458
0.71713
0.19533
0.38941
0.46604
0.81000
0.25330
0.15156
0.52690
0.11319
0.14937
0.31508
0.75295
0.97957
0.54515
0.58282
0.10870
0.44716
0.01731
0.87213
0.26062
0.58416
0.34479
0.10084
0.05301
0.49819
0.08019
0.65318
0.35977
0.30299
0.27496
0.42642
0.04987
0.44571
0.56419
0.66226
0.09227
0.45142
0.21600
0.67276
0.13382
0.34952
0.20561
0.76073
0.81298
0.22159
0.27266
0.12750
0.95604
0.36793
0.91178
0.50464
0.42431
0.38161
0.21735
0.25297
0.88140
0.05003
0.76907
0.86510
0.44367
0.00028
0.07282
0.06512
0.06916
0.59926
0.16995
0.00367
0.23895
0.13326
0.89638
0.52562
0.74430
0.14833
0.25659
0.01970
0.66501
0.63606
0.81254
0.19748
0.05925
0.49962
0.75606
0.94957
0.66155
0.32879
0.42277
0.49228
0.71528
0.89861
0.23806
0.10512
0.54764
0.38630
0.04206
0.20016
0.01531
0.40555
0.92084
0.44579
0.59234
0.74657
0.75563
0.92963
0.75735
0.98064
0.76774
0.08471
0.04196
0.81030
0.88257
0.19693
0.78687
0.15055
0.53302
0.50858
0.84733
0.31019
0.40182
0.21270
0.82275
0.16851
0.63380
0.26325
0.45947
0.76259
0.84036
0.17681
0.15567
0.20564
0.16239
0.04326
0.99249
0.72872
0.60977
0.72796
0.83021
0.10839
0.50920
0.82708
0.92540
0.75466
0.15793
0.82617
0.40715
0.45352
0.78681
0.55484
0.47180
0.35865
0.79102
0.01459
0.08702
0.08834
0.11512
0.39333
0.86072
0.99345
0.32833
0.79522
0.65157
0.67229
0.71122
0.32269
0.96228
0.56654
0.39520
0.02852
0.00521
0.89100
0.01882
0.19777
0.06733
0.03113
0.94534
0.34645
0.20892
0.52058
0.45831
0.35294
0.18564
0.44457
0.67090
0.44011
0.30094
0.90432
0.11080
0.56284
0.08730
0.93627
0.35586
0.31507
0.28342
0.43599
0.11694
0.08505
0.73503
0.67048
0.17243
0.81001
0.30063
0.68292
0.69726
0.99125
0.82875
0.05597
0.05607
0.07282
0.51188
0.19783
0.24558
0.92318
0.77583
0.35786
0.84099
0.45259
0.20364
0.64309
0.39886
0.52561
0.21375
0.73703
0.46998
0.20064
0.88691
0.10325
0.55262
0.48009
0.57653
0.69645
0.71604
0.66619
0.71448
0.27964
0.93263
0.22413
0.95238
0.77673
0.08853
0.39348
0.86801
0.65693
0.33134
0.38675
0.42450
0.46048
0.15858
0.48257
0.72054
0.54696
0.35616
0.80347
0.70059
0.05049
0.77844
0.80689
0.39990
0.84228
0.90754
0.90808
0.75548
0.58904
0.29929
0.04642
0.58927
0.16991
0.16643
0.77020
0.44730
0.99771
0.61541
0.50961
0.38536
0.89612
0.30923
0.90724
0.91419
0.32198
0.15965
0.56848
0.92731
0.38329
0.82135
0.07921
0.08353
0.95843
0.33965
0.20480
0.97962
0.26476
0.88469
0.48205
0.74460
0.45963
0.25072
0.72479
0.86496
0.32658
0.68092
0.93697
0.17232
0.26206
0.83616
0.25880
0.77490
0.91831
0.39823
0.80440
0.35581
0.04875
0.53175
0.68078
0.23384
0.12882
0.67560
0.64560
0.10017
0.75528
0.37142
0.20031
0.30683
0.82069
0.10766
0.00177
0.83956
0.22562
0.80500
0.49799
0.20141
0.47564
0.32663
0.66826
0.44488
0.82513
0.43089
0.13069
0.89072
0.64613
0.86991
0.56672
0.39595
0.99179
0.74407
0.86200
0.56802
0.13273
0.36711
0.33698
0.28936
0.15554
0.83822
0.26320
0.94064
0.74014
0.46735
0.76296
0.87960
0.28310
0.16195
0.07394
0.90203
0.70299
0.25322
0.31447
0.43783
0.05675
0.87817
0.96618
0.23494
0.42252
0.16254
0.22617
0.39902
0.98196
0.97059
0.33173
0.80312
0.11171
0.68864
0.51248
0.49320
0.29091
0.30788
0.20118
0.97003
0.36794
0.64128
0.55595
0.01806
0.34981
0.23738
0.43900
0.18176
0.78746
0.98962
0.82751
0.21932
0.48008
0.58647
0.55781
0.10148
0.81698
0.41830
0.73479
0.61076
0.71269
0.04202
0.74569
0.25130
0.71369
0.52686
0.40533
0.11317
0.91308
0.82645
0.88969
0.02478
0.09124
0.37380
0.59146
0.13824
0.65610
0.61471
0.81537
0.74197
0.18640
0.75769
0.33374
0.93516
0.99308
0.49916
0.89637
0.06318
0.40152
0.00358
0.47905
0.38405
0.88671
0.10030
0.35509
0.12415
0.29038
0.98713
0.82426
0.41286
0.97784
0.12869
0.81048
0.59499
0.03552
0.40917
0.15219
0.86698
0.37949
0.79495
0.08914
0.23573
0.44742
0.34746
0.25211
0.31105
0.72937
0.24652
0.72075
0.98062
0.16422
0.28915
0.58980
0.50775
0.60482
0.56819
0.71908
0.07923
0.95928
0.80894
0.08669
0.63037
0.49271
0.63738
0.34607
0.84517
0.00419
0.54320
0.76966
0.45639
0.91727
0.51824
