0.98475
0.49873
0.94672
0.59917
0.75282
0.62739
0.94983
0.15015
0.33559
0.00243
0.56843
0.52316
0.67402
0.78375
0.55566
0.54630
0.43534
0.96716
0.54575
0.00476
0.04228
0.53828
0.00026
0.83875
0.51334
0.35477
0.11112
0.39272
0.98787
0.11529
0.91257
0.67525
0.37341
0.70001
0.70287
0.82095
0.44516
0.52866
0.82320
0.00088
0.42217
0.11327
0.22293
0.54898
0.59936
0.23349
0.84475
0.45871
0.31324
0.76869
0.12724
0.45314
0.37942
0.16019
0.42359
0.57005
0.42738
0.49083
0.61831
0.01016
0.12340
0.40252
0.19763
0.54225
0.21717
0.62577
0.47659
0.24212
0.20588
0.09005
0.15269
0.09320
0.98121
0.86558
0.20874
0.93696
0.68478
0.13910
0.79791
0.63014
0.44740
0.49657
0.34884
0.42494
0.72574
0.45276
0.31113
0.68605
0.52933
0.22134
0.00897
0.00030
0.20790
0.95430
0.73861
0.86567
0.23340
0.45039
0.65605
0.31611
0.22083
0.39228
0.54518
0.02014
0.60200
0.18867
0.65847
0.86570
0.04845
0.38143
0.91686
0.69886
0.71647
0.11128
0.61151
0.77764
0.70159
0.64871
0.94892
0.58170
0.91489
0.71119
0.14954
0.09556
0.65579
0.45871
0.73771
0.45394
0.90680
0.52871
0.34761
0.73051
0.57886
0.46463
0.41408
0.03105
0.08590
0.31849
0.61535
0.08609
0.61132
0.96601
0.76456
0.66270
0.83243
0.78366
0.64184
0.18499
0.40311
0.96836
0.70226
0.07583
0.52661
0.09695
0.93815
0.57013
0.06975
0.15395
0.23777
0.89936
0.84949
0.82171
0.89598
0.02224
0.80932
0.29233
0.34937
0.59706
0.43243
0.06855
0.69832
0.49563
0.85923
0.85919
0.60835
0.80155
0.70423
0.97064
0.78401
0.94635
0.96499
0.15664
0.98363
0.63430
0.40153
0.98706
0.48087
0.13984
0.32992
0.55286
0.59653
0.89597
0.27303
0.82771
0.81113
0.56155
0.92911
0.58969
0.59829
0.02872
0.07657
0.57446
0.15849
0.84199
0.51763
0.86004
0.01593
0.52668
0.58812
0.79437
0.93133
0.36463
0.77169
0.87371
0.44818
0.44811
0.95911
0.59682
0.53652
0.45657
0.00582
0.50321
0.95228
0.82217
0.54878
0.86957
0.67319
0.33335
0.76013
0.32720
0.78966
0.34014
0.47614
0.13126
0.00046
0.33418
0.89840
0.18610
0.93451
0.50283
0.93828
0.54796
0.94534
0.06155
0.07819
0.61396
0.28853
0.63344
0.21126
0.09529
0.25951
0.69502
0.33368
0.44098
0.09185
0.97053
0.56424
0.61773
0.24529
0.28714
0.52911
0.20970
0.74561
0.72780
0.49784
0.17790
0.97271
0.91268
0.33320
0.38504
0.42517
0.44027
0.43661
0.23365
0.05235
0.18744
0.85854
0.08237
0.95833
0.66839
0.78034
0.82259
0.19128
0.20825
0.67789
0.39361
0.81971
0.56423
0.62870
0.05365
0.80312
0.78311
0.27457
0.89164
0.08521
0.68597
0.02592
0.99354
0.05868
0.54300
0.61055
0.49321
0.07367
0.71490
0.69482
0.04638
0.66016
0.98886
0.72010
0.10394
0.08730
0.23743
0.78001
0.69064
0.72418
0.22788
0.59049
0.19127
0.60933
0.46754
0.50813
0.42900
0.13793
0.86136
0.85650
0.73743
0.07912
0.88330
0.43093
0.66333
0.63093
0.46427
0.27850
0.72645
0.19118
0.82452
0.57492
0.64044
0.78729
0.15927
0.47822
0.71014
0.05356
0.77347
0.18272
0.24644
0.17883
0.24740
0.30884
0.48183
0.61216
0.59430
0.50575
0.30728
0.58074
0.55129
0.63993
0.89560
0.23438
0.15436
0.65033
0.44652
0.21911
0.54101
0.45928
0.06576
0.42517
0.59119
0.58777
0.08954
0.30662
0.33160
0.02620
0.52184
0.05445
0.64321
0.42657
0.04073
0.53433
0.08177
0.62584
0.79511
0.45142
0.89262
0.77175
0.28263
0.01818
0.40631
0.85746
0.62820
0.25826
0.82640
0.04394
0.96193
0.12888
0.96989
0.44420
0.28441
0.89591
0.68588
0.29542
0.28359
0.82690
0.42998
0.37694
0.74712
0.21999
0.85182
0.16013
0.62975
0.97228
0.36982
0.60273
0.84557
0.55430
0.80494
0.53011
0.76822
0.23546
0.26431
0.89172
0.11318
0.76070
0.94795
0.57093
0.89040
0.00787
0.48841
0.40510
0.09157
0.59054
0.38041
0.83655
0.77909
0.45596
0.20697
0.78050
0.90393
0.58855
0.84216
0.67557
0.33840
0.84239
0.35036
0.84580
0.42902
0.66664
0.12815
0.51837
0.11101
0.90324
0.73213
0.33202
0.15359
0.57796
0.79095
0.18821
0.64356
0.62475
0.49142
0.92015
0.31337
0.82192
0.44804
0.59751
0.89779
0.48543
0.23314
0.01858
0.76632
0.14113
0.90923
0.44771
0.48452
0.77833
0.60301
0.96236
0.07868
0.10648
0.03183
0.24116
0.27321
0.17465
0.03798
0.87417
0.77798
0.94671
0.83554
0.77874
0.20925
0.19071
0.80236
0.39490
0.28541
0.06215
0.21305
0.03524
0.45394
0.47858
0.12034
0.27813
0.36755
0.72535
0.33548
0.86683
0.04957
0.34226
0.30470
0.09795
0.07746
0.57583
0.40886
0.04707
0.33661
0.58051
0.02689
0.14845
0.27445
0.95195
0.65652
0.66627
0.89978
0.01222
0.22015
0.41739
0.54410
0.02342
0.70587
0.77606
0.02854
0.65895
0.82282
0.77122
0.49562
0.04052
0.87542
0.68415
0.84169
0.25382
0.12026
0.00129
0.16308
0.26477
0.89734
0.61198
0.33861
0.36430
0.40037
0.02176
0.63135
0.08132
0.22805
0.84847
0.05148
0.83383
0.70441
0.40142
0.55089
0.12047
0.71508
0.72320
0.27332
0.99656
0.57559
0.71116
0.52140
0.94665
0.38627
0.75284
0.98391
0.92204
0.24609
0.15561
0.22126
0.75631
0.49445
0.34575
0.23818
0.21849
0.28735
0.07110
0.27270
0.39236
0.42089
0.29197
0.82161
0.67370
0.15881
0.87703
0.97724
0.76398
0.33314
0.98629
0.77400
0.55438
0.51439
0.94490
0.54622
0.60775
0.02171
0.35207
0.17322
0.29135
0.06176
0.38495
0.72284
0.95587
0.49954
0.49547
0.18495
0.83699
0.16816
0.45218
0.57927
0.84364
0.35028
0.14222
0.32546
0.63525
0.06626
0.83794
0.35329
0.42806
0.79828
0.47948
0.36623
0.24883
0.28584
0.84184
0.00142
0.70079
0.01483
0.51863
0.25595
0.02153
0.34267
0.90739
0.76150
0.90844
0.50790
0.22277
0.92922
0.72920
0.55673
0.45389
0.50698
0.52115
0.24137
0.02518
0.50884
0.04920
0.05179
0.84668
0.42757
0.27899
0.79773
0.87731
0.20089
0.92837
0.92989
0.23277
0.63732
0.41519
0.59399
0.96817
0.95921
0.61930
0.09399
0.98744
0.37641
0.08715
0.62009
0.96835
0.35668
0.20585
0.70609
0.45287
0.56905
0.41526
0.59792
0.23182
0.12222
0.50536
0.22098
0.53608
0.56630
0.88532
0.21698
0.46355
0.10675
0.12689
0.13754
0.56892
0.24123
0.59131
0.16132
0.53888
0.65511
0.82783
0.14253
0.32454
0.95471
0.85735
0.53617
0.33223
0.42047
0.10641
0.96268
0.19952
0.51129
0.28268
0.44276
0.90265
0.24020
0.22435
0.61045
0.30243
0.81705
0.06825
0.27190
0.59655
0.98238
0.78842
0.55722
0.30834
0.45391
0.88619
0.77624
0.15006
0.43545
0.98042
0.49406
0.49410
0.67301
0.39112
0.54800
0.27832
0.50743
0.47443
0.36114
0.91248
0.40933
0.52791
0.74777
0.38504
0.20156
0.62986
0.21282
0.43214
0.13036
0.93113
0.18576
0.84365
0.81414
0.51510
0.69999
0.83841
0.47575
0.09367
0.08356
0.75097
0.80081
0.92229
0.70628
0.76195
0.87152
0.78788
0.34179
0.67017
0.96741
0.46816
0.63856
0.94686
0.26318
0.71271
0.94228
0.16062
0.02845
0.25046
0.64394
0.31554
0.89297
0.19547
0.00053
0.06668
0.52269
0.09078
0.06203
0.39943
0.99678
0.38613
0.23677
0.23849
0.99233
0.58691
0.25960
0.38502
0.42666
0.05143
0.79840
0.63175
0.37415
0.50665
0.35589
0.70525
0.40660
0.31543
0.63079
0.71464
0.08701
0.31602
0.85089
0.89123
0.60887
0.94725
0.50704
0.57075
0.95243
0.42762
0.88111
0.77012
0.21073
0.30256
0.21133
0.57858
0.32173
0.48170
0.64257
0.20365
0.40969
0.55335
0.45457
0.92965
0.97294
0.36672
0.84560
0.68116
0.19643
0.80825
0.78656
0.54714
0.48178
0.59144
0.91569
0.97077
0.36794
0.80581
0.42191
0.13084
0.85148
0.41350
0.99590
0.19223
0.61838
0.64621
0.32213
0.94051
0.46632
0.44059
0.25287
0.17615
0.11241
0.81030
0.20360
0.66794
0.94831
0.75176
0.24567
0.61008
0.43877
0.16470
0.63802
0.82122
0.95415
0.55821
0.48478
0.42457
0.27751
0.57658
0.87587
0.33609
0.47048
0.20977
0.70405
0.85555
0.65999
0.98852
0.18099
0.50556
0.28884
0.55890
0.50760
0.72740
0.53793
0.78391
0.37136
0.87602
0.25479
0.42982
0.84074
0.55473
0.24668
0.99807
0.00268
0.42378
0.03845
0.68282
0.36282
0.01827
0.15571
0.73029
0.34468
0.61157
0.03504
0.19222
0.34320
0.63490
0.13912
0.10967
0.88843
0.60207
0.78020
0.82444
0.59328
0.26406
0.31327
0.13911
0.92749
0.18522
0.76270
0.78684
0.00886
0.98081
0.76672
0.29844
0.47386
0.91980
0.51157
0.70261
0.19873
0.83461
0.56389
0.68842
0.33207
0.11554
0.97589
0.58862
0.52445
0.90152
0.44707
0.58070
0.75860
0.89282
0.37952
0.18902
0.12002
0.10335
0.15367
0.27935
0.73583
0.24243
0.66875
0.20594
0.74391
0.30326
0.03233
0.78788
0.47085
0.23962
0.63191
0.23370
0.13708
0.22848
0.50876
0.40716
0.67883
0.23191
0.84354
0.65904
0.93036
0.86809
0.50013
0.96408
0.67811
0.92731
0.98831
0.67029
0.11100
0.72549
0.21981
0.98964
0.60956
0.53609
0.30444
0.00681
0.88511
0.16026
0.07008
0.83975
0.03232
