0.67222
0.12233
0.42939
0.92464
0.68789
0.53232
0.87554
0.32676
0.73836
0.51996
0.88696
0.53005
0.48890
0.25814
0.31664
0.50009
0.48979
0.42443
0.04512
0.66592
0.09203
0.91793
0.95469
0.65878
0.86154
0.52676
0.19220
0.49255
0.08228
0.73106
0.04280
0.16752
0.87607
0.15463
0.42930
0.02693
0.46184
0.19870
0.91762
0.74465
0.42074
0.03475
0.29503
0.88439
0.11787
0.54181
0.63209
0.38184
0.09814
0.23619
0.76535
0.94854
0.58461
0.60460
0.52344
0.95983
0.82746
0.22311
0.24359
0.94407
0.36931
0.63017
0.70600
0.73712
0.52014
0.69734
0.94320
0.07729
0.67673
0.93366
0.74753
0.09305
0.81707
0.33691
0.68061
0.08798
0.40922
0.80653
0.78051
0.70756
0.30109
0.53441
0.40913
0.33625
0.33782
0.09943
0.11576
0.56641
0.51246
0.35236
0.90507
0.42346
0.54477
0.47046
0.30514
0.28195
0.83790
0.31894
0.66324
0.56072
0.29022
0.48226
0.57195
0.64875
0.70412
0.48044
0.61658
0.43414
0.72052
0.53749
0.63978
0.87260
0.72404
0.57721
0.63788
0.43438
0.18293
0.38319
0.96092
0.79834
0.04007
0.99306
0.20871
0.72223
0.70506
0.79383
0.74068
0.66552
0.59158
0.89028
0.14298
0.34052
0.27628
0.24381
0.44148
0.82536
0.83389
0.95095
0.55843
0.80277
0.07911
0.03886
0.37667
0.76189
0.59799
0.12869
0.20597
0.11538
0.58603
0.34575
0.52728
0.67614
0.40169
0.77195
0.30445
0.59987
0.49650
0.80415
0.91385
0.95588
0.09810
0.85227
0.64050
0.30596
0.69269
0.94852
0.78928
0.40804
0.59369
0.77656
0.84805
0.24367
0.64333
0.67191
0.17864
0.63897
0.15734
0.23375
0.48598
0.59375
0.13015
0.45249
0.80536
0.53883
0.54042
0.82542
0.10156
0.93723
0.35125
0.05621
0.65910
0.53422
0.15123
0.09824
0.47895
0.98858
0.69476
0.82427
0.51512
0.09486
0.41939
0.02401
0.09324
0.68550
0.48567
0.90719
0.53555
0.01543
0.03293
0.38219
0.61809
0.58948
0.22836
0.85298
0.28261
0.53591
0.07954
0.91648
0.35196
0.14888
0.12100
0.18019
0.85366
0.67040
0.29613
0.17481
0.59232
0.38628
0.00125
0.08166
0.36647
0.96224
0.07918
0.85688
0.16670
0.79849
0.04997
0.18569
0.44116
0.25293
0.27882
0.47263
0.58144
0.28273
0.97585
0.54288
0.34521
0.55138
0.04778
0.36097
0.41506
0.74055
0.57617
0.59669
0.83228
0.66054
0.39484
0.30524
0.65405
0.86108
0.91189
0.23778
0.74727
0.76397
0.15732
0.51278
0.80609
0.70507
0.13967
0.93629
0.86764
0.46412
0.60093
0.30434
0.00874
0.42987
0.61680
0.16607
0.74007
0.29143
0.96645
0.01666
0.26521
0.61643
0.17137
0.04365
0.66292
0.48625
0.39266
0.68925
0.97075
0.87223
0.42669
0.08170
0.88172
0.46319
0.42177
0.48389
0.37657
0.82222
0.09373
0.73161
0.93770
0.40244
0.06779
0.36901
0.05088
0.79948
0.52439
0.75281
0.48773
0.13857
0.24462
0.72132
0.53923
0.29978
0.33824
0.04500
0.45807
0.03127
0.63377
0.85055
0.29119
0.45204
0.56276
0.03760
0.79982
0.11336
0.38672
0.87727
0.15683
0.78547
0.75128
0.64017
0.21933
0.03238
0.04992
0.29117
0.49165
0.11938
0.99364
0.50403
0.84736
0.72553
0.10279
0.24571
0.74548
0.31718
0.20758
0.07472
0.48789
0.56521
0.95391
0.71768
0.50298
0.75080
0.42976
0.48441
0.43835
0.95575
0.45735
0.41291
0.92509
0.24920
0.52963
0.46838
0.84824
0.31894
0.29462
0.12297
0.17079
0.37898
0.81595
0.53974
0.27047
0.75939
0.77630
0.55455
0.03826
0.49998
0.29736
0.77070
0.75825
0.18932
0.91123
0.15801
0.60108
0.81334
0.62883
0.42507
0.47418
0.74990
0.51093
0.09197
0.90257
0.60713
0.79816
0.71557
0.54444
0.90781
0.92635
0.09538
0.15270
0.92942
0.27831
0.49440
0.52790
0.18172
0.73805
0.36462
0.71762
0.26922
0.65718
0.32623
0.74098
0.67199
0.83823
0.80970
0.36126
0.91023
0.19176
0.68722
0.16986
0.66312
0.47367
0.13970
0.59450
0.43534
0.35607
0.21641
0.57734
0.45659
0.40641
0.79134
0.68897
0.69846
0.00399
0.09630
0.30589
0.98350
0.61763
0.08636
0.00863
0.70775
0.77656
0.99366
0.20022
0.99687
0.62088
0.38047
0.90580
0.40020
0.55755
0.55323
0.53074
0.17851
0.18532
0.13702
0.00070
0.30876
0.72198
0.79603
0.97184
0.81642
0.13695
0.64580
0.62741
0.48306
0.89730
0.31887
0.07366
0.23736
0.66918
0.70606
0.93181
0.75145
0.21393
0.55169
0.90588
0.61784
0.12855
0.28830
0.92476
0.33596
0.46935
0.95764
0.02076
0.14891
0.23905
0.70763
0.22057
0.34855
0.25058
0.97714
0.36154
0.27125
0.16495
0.50828
0.20962
0.06180
0.06434
0.11079
0.77237
0.63063
0.49426
0.58308
0.50106
0.26710
0.99677
0.98200
0.50815
0.59985
0.06565
0.62588
0.67464
0.23703
0.91352
0.66560
0.70580
0.05863
0.40439
0.59617
0.10037
0.82094
0.53853
0.82413
0.28475
0.09678
0.10773
0.92590
0.93696
0.88489
0.73046
0.42270
0.65679
0.98376
0.17023
0.15366
0.43268
0.08910
0.27253
0.39900
0.47375
0.05584
0.31506
0.76131
0.20092
0.80466
0.11596
0.05531
0.41975
0.60428
0.32894
0.22310
0.90201
0.55452
0.33057
0.55332
0.51366
0.20108
0.64407
0.31919
0.87322
0.83728
0.11799
0.28392
0.01822
0.50836
0.48410
0.73311
0.29998
0.04236
0.54242
0.88109
0.03961
0.70590
0.09111
0.97703
0.45097
0.90848
0.56213
0.97918
0.48372
0.53442
0.62689
0.53050
0.45247
0.63895
0.32186
0.44719
0.28149
0.23180
0.29063
0.31048
0.70592
0.09123
0.64990
0.03674
0.12267
0.22568
0.55196
0.96358
0.48932
0.88610
0.16165
0.11324
0.75202
0.75808
0.14061
0.25125
0.88903
0.19240
0.66985
0.78840
0.74963
0.50066
0.21857
0.46478
0.40167
0.71018
0.03733
0.61034
0.92298
0.10592
0.82853
0.33567
0.30809
0.96524
0.05248
0.42062
0.56730
0.56329
0.56100
0.39634
0.54603
0.64114
0.12494
0.49612
0.60348
0.33520
0.57603
0.33062
0.52864
0.37072
0.01227
0.41893
0.99324
0.19935
0.58597
0.48742
0.95768
0.68800
0.71263
0.26344
0.21618
0.46119
0.57608
0.11057
0.93759
0.86665
0.89700
0.88575
0.43011
0.39302
0.14396
0.15942
0.56003
0.04669
0.75770
0.54464
0.30262
0.86135
0.69144
0.97117
0.84903
0.26179
0.89455
0.09056
0.90584
0.33257
0.72673
0.37433
0.62559
0.20424
0.48961
0.64322
0.94199
0.76011
0.66883
0.83225
0.50560
0.37159
0.65286
0.78431
0.24665
0.77939
0.12848
0.29853
0.54326
0.14011
0.68871
0.78931
0.37380
0.70474
0.45695
0.97432
0.58453
0.72474
0.36144
0.55819
0.52342
0.01450
0.24852
0.65379
0.17958
0.26846
0.59490
0.53084
0.70761
0.59372
0.87301
0.17237
0.99909
0.21662
0.82343
0.51825
0.26784
0.11683
0.17389
0.30706
0.08514
0.22066
0.84481
0.08967
0.60199
0.39831
0.23959
0.78769
0.06505
0.40850
0.26521
0.27142
0.49506
0.77554
0.05078
0.18310
0.15377
0.22987
0.09886
0.96071
0.71759
0.41752
0.79157
0.52580
0.28672
0.69551
0.73273
0.54314
0.51399
0.54678
0.23296
0.34573
0.70910
0.15206
0.05607
0.69411
0.29593
0.05644
0.43599
0.93566
0.71501
0.75810
0.24359
0.72834
0.42865
0.74468
0.21024
0.16143
0.69865
0.27044
0.51282
0.63664
0.35769
0.81593
0.07006
0.14308
0.15242
0.54828
0.91610
0.71409
0.28702
0.53409
0.22118
0.03711
0.70524
0.92026
0.23475
0.43327
0.77085
0.94862
0.24098
0.24431
0.72518
0.36301
0.54595
0.57333
0.42607
0.70332
0.72505
0.06323
0.46698
0.05728
0.31229
0.54006
0.19611
0.25825
0.41841
0.66164
0.20115
0.53544
0.89599
0.79566
0.43785
0.24483
0.68633
0.10630
0.24065
0.33896
0.25293
0.30456
0.33024
0.35543
0.54886
0.65755
0.77693
0.96008
0.22158
0.26746
0.79296
0.98956
0.62723
0.35878
0.18138
0.05674
0.72455
0.78484
0.63710
0.16722
0.19186
0.79835
0.48923
0.45222
0.80599
0.38676
0.84469
0.80647
0.58223
0.86975
0.54121
0.69856
0.99971
0.43804
0.32147
0.55323
0.56270
0.63122
0.45222
0.60918
0.61320
0.79077
0.04393
0.92957
0.62498
0.10552
0.34668
0.80385
0.74091
0.56660
0.63413
0.04020
0.55453
0.00097
0.59846
0.42647
0.18341
0.26442
0.74616
0.07480
0.33940
0.59572
0.58385
0.23269
0.81142
0.18665
0.49393
0.58301
0.52917
0.64103
0.26900
0.96428
0.42859
0.76974
0.96193
0.34646
0.16795
0.09017
0.62715
0.62493
0.50984
0.49549
0.96819
0.47356
0.86303
0.12047
0.31391
0.80406
0.82258
0.20047
0.70776
0.85724
0.84073
0.44426
0.12513
0.43689
0.85272
0.88434
0.27115
0.25939
0.43516
0.33820
0.35551
0.63052
0.32232
0.08379
0.68655
0.18901
0.09352
0.59799
0.06449
0.77507
0.54003
0.82607
0.36830
0.96252
0.10008
0.55279
0.73662
0.73066
0.34099
0.85124
0.94953
0.60182
0.56880
0.84104
0.09762
0.54527
0.98663
0.33788
0.42671
0.71488
0.65903
0.27367
0.52193
0.69999
0.37620
0.86213
0.29056
0.56967
0.53412
0.74695
0.31122
0.96948
0.50272
0.01298
0.31606
0.40767
0.60065
0.77211
0.00739
0.99189
0.58083
0.09527
0.75072
0.02883
0.80842
0.15916
0.91186
0.91301
0.33563
0.12959
0.08674
0.65741
0.64431
0.39680
0.02850
0.97128
0.12379
0.90508
0.24526
0.23828
