0.40343
0.60301
0.17202
0.25771
0.10269
0.46434
0.58998
0.90306
0.82768
0.60924
0.17905
0.22156
0.34728
0.63247
0.69124
0.62213
0.39681
0.78728
0.66134
0.15468
0.67311
0.22810
0.52393
0.46941
0.08817
0.04730
0.19588
0.07635
0.56824
0.75425
0.62544
0.36853
0.67892
0.47288
0.02327
0.41028
0.18297
0.71163
0.25329
0.00316
0.17458
0.99512
0.21346
0.30795
0.19285
0.46838
0.87337
0.76519
0.61939
0.92602
0.98720
0.73716
0.93257
0.89000
0.44480
0.17806
0.75945
0.67061
0.57649
0.16303
0.84398
0.40025
0.06082
0.68449
0.78144
0.15906
0.40008
0.12804
0.84532
0.56252
0.69327
0.69832
0.38024
0.69722
0.46742
0.87896
0.24871
0.03790
0.60284
0.94912
0.37742
0.83684
0.48683
0.56780
0.98400
0.85618
0.38439
0.44817
0.57926
0.55353
0.25623
0.98586
0.62678
0.76966
0.91705
0.46317
0.97886
0.24327
0.12735
0.19658
0.01687
0.95461
0.42734
0.18789
0.80679
0.68597
0.01864
0.19074
0.51849
0.47616
0.25163
0.70346
0.59640
0.66433
0.76643
0.91499
0.59598
0.00299
0.72388
0.00216
0.02371
0.59988
0.05430
0.35141
0.99470
0.72866
0.90046
0.50434
0.79161
0.96071
0.03618
0.71267
0.73892
0.21622
0.62560
0.05421
0.40270
0.57227
0.53660
0.57977
0.48836
0.40229
0.91373
0.10289
0.21793
0.94928
0.49540
0.12265
0.69901
0.16009
0.16292
0.48426
0.26089
0.16292
0.22555
0.45751
0.24896
0.39214
0.42929
0.25920
0.71981
0.26896
0.09974
0.25762
0.33551
0.81215
0.65558
0.75342
0.00362
0.69668
0.63438
0.22864
0.95250
0.20581
0.10820
0.42219
0.96942
0.74743
0.38740
0.33880
0.78513
0.68042
0.99855
0.52522
0.48846
0.99879
0.63696
0.05619
0.37616
0.58022
0.35816
0.41406
0.25462
0.24386
0.56054
0.58699
0.47888
0.15718
0.36032
0.35542
0.83438
0.71499
0.90254
0.12060
0.58952
0.02288
0.32176
0.58235
0.66906
0.18479
0.23470
0.04670
0.68353
0.42163
0.36853
0.66602
0.91888
0.90879
0.81971
0.09242
0.72048
0.59090
0.96826
0.30520
0.86902
0.85681
0.14570
0.02645
0.29233
0.16321
0.38420
0.06770
0.46767
0.90131
0.41346
0.12810
0.25932
0.63047
0.48518
0.85819
0.52192
0.00288
0.26737
0.59638
0.15974
0.13531
0.97545
0.72099
0.76468
0.33178
0.26637
0.39597
0.66303
0.73586
0.17834
0.79735
0.11737
0.25295
0.31174
0.10882
0.07282
0.51959
0.54680
0.86460
0.93620
0.09140
0.48698
0.43289
0.37482
0.37059
0.20449
0.28116
0.49027
0.05843
0.54162
0.01573
0.06089
0.78273
0.35877
0.89395
0.79384
0.34863
0.38852
0.85923
0.62753
0.80337
0.45365
0.89109
0.63621
0.18400
0.98635
0.35507
0.08269
0.61035
0.33821
0.86559
0.93644
0.10438
0.25366
0.95381
0.16352
0.28014
0.76906
0.92341
0.27189
0.50250
0.72563
0.81795
0.33714
0.96662
0.05982
0.94448
0.62937
0.51095
0.84300
0.40783
0.06817
0.44011
0.91512
0.60656
0.73786
0.15220
0.49042
0.07445
0.27413
0.84565
0.46030
0.50460
0.24486
0.42340
0.62060
0.69748
0.71797
0.93109
0.74429
0.07634
0.86017
0.30294
0.88328
0.09678
0.75051
0.70425
0.81712
0.24800
0.68032
0.52759
0.01554
0.03899
0.74910
0.56526
0.31709
0.22150
0.24861
0.06575
0.63970
0.50941
0.17413
0.49378
0.58364
0.89919
0.69946
0.49971
0.03984
0.01606
0.70890
0.18740
0.77758
0.36818
0.20235
0.49376
0.58745
0.83798
0.72560
0.16183
0.33847
0.60631
0.90927
0.25503
0.51431
0.39210
0.85822
0.68015
0.75611
0.72336
0.48754
0.12303
0.09963
0.06058
0.44219
0.92285
0.85132
0.41002
0.50582
0.72849
0.31486
0.81579
0.84313
0.00716
0.87607
0.22620
0.20148
0.74432
0.95121
0.16207
0.59221
0.85049
0.59495
0.36580
0.70813
0.39495
0.64137
0.27405
0.65188
0.53755
0.28117
0.61990
0.74908
0.40896
0.89599
0.78615
0.01943
0.34102
0.93339
0.31803
0.56195
0.23873
0.17106
0.95747
0.64427
0.18206
0.86611
0.22475
0.42884
0.42015
0.67155
0.13881
0.38557
0.15433
0.32449
0.93739
0.96866
0.29172
0.43541
0.70579
0.66294
0.65862
0.56896
0.14486
0.13520
0.29047
0.88301
0.79591
0.11046
0.43921
0.57006
0.61414
0.30274
0.18764
0.59603
0.21834
0.87417
0.63520
0.37521
0.44534
0.62969
0.16531
0.98218
0.78282
0.84574
0.34337
0.83065
0.08487
0.86500
0.06046
0.73195
0.34295
0.30054
0.05862
0.94412
0.86314
0.69599
0.58657
0.77539
0.71767
0.88716
0.45467
0.24494
0.60425
0.19546
0.47800
0.14325
0.11768
0.01289
0.78829
0.90555
0.66729
0.01188
0.35171
0.84016
0.34836
0.18547
0.27979
0.17287
0.03924
0.72383
0.36592
0.81238
0.71114
0.67804
0.17905
0.08232
0.71801
0.04326
0.20438
0.23797
0.30044
0.47675
0.09220
0.59686
0.37826
0.94714
0.61589
0.91180
0.04023
0.47339
0.29371
0.68656
0.59492
0.54465
0.47283
0.61818
0.62740
0.10898
0.30012
0.80953
0.15881
0.26936
0.18793
0.08441
0.54724
0.06665
0.77732
0.42502
0.00781
0.96393
0.44361
0.51350
0.93706
0.65541
0.93569
0.09416
0.10397
0.38251
0.39702
0.87015
0.15434
0.67498
0.32290
0.10805
0.03990
0.68371
0.23159
0.91665
0.88748
0.91494
0.70073
0.31379
0.42271
0.19082
0.20598
0.46157
0.11990
0.46496
0.17258
0.17141
0.85756
0.78850
0.37869
0.08207
0.95289
0.21083
0.07920
0.15813
0.82065
0.55076
0.41903
0.83545
0.18694
0.76773
0.13303
0.64161
0.79698
0.68188
0.12283
0.33685
0.85161
0.33146
0.02602
0.82935
0.85190
0.56817
0.37655
0.20085
0.64190
0.49343
0.19364
0.42273
0.35587
0.04126
0.88308
0.99157
0.46780
0.06664
0.21113
0.21406
0.23173
0.48873
0.20763
0.87683
0.28445
0.73818
0.18066
0.19836
0.93191
0.63849
0.79271
0.41009
0.06807
0.08995
0.44624
0.09012
0.06921
0.30712
0.31206
0.29860
0.53248
0.09998
0.06042
0.79970
0.20884
0.87148
0.16737
0.64142
0.11817
0.42731
0.79971
0.80873
0.23027
0.45788
0.63673
0.50077
0.05950
0.88496
0.27675
0.43459
0.94621
0.93454
0.17495
0.19691
0.66071
0.21352
0.35926
0.77941
0.69591
0.39774
0.13440
0.48469
0.89033
0.12570
0.21493
0.60085
0.24260
0.45040
0.92693
0.26269
0.62617
0.17264
0.98732
0.34139
0.71234
0.42745
0.73413
0.20486
0.76601
0.62373
0.35277
0.51002
0.67092
0.77426
0.16724
0.57529
0.62365
0.18897
0.53953
0.63808
0.25505
0.21699
0.81582
0.06011
0.51276
0.95412
0.04463
0.72827
0.59645
0.78388
0.57568
0.56119
0.51433
0.74216
0.77417
0.32002
0.91262
0.26458
0.99697
0.44377
0.74550
0.64998
0.54397
0.06328
0.95677
0.02482
0.63774
0.51720
0.64129
0.61190
0.02029
0.83638
0.99495
0.26952
0.00836
0.08876
0.97215
0.78692
0.53611
0.36460
0.50955
0.39467
0.45383
0.20823
0.38491
0.23204
0.55870
0.84828
0.50470
0.27273
0.50000
0.83182
0.62871
0.12879
0.65424
0.31644
0.47361
0.69753
0.20616
0.43395
0.30041
0.79625
0.37324
0.26577
0.76684
0.98908
0.53663
0.24103
0.95323
0.01052
0.90040
0.49690
0.32608
0.42036
0.05170
0.18603
0.67675
0.05782
0.64522
0.10869
0.89810
0.34122
0.09875
0.85782
0.42378
0.87723
0.63177
0.34052
0.38097
0.02428
0.81127
0.76856
0.23001
0.85155
0.46041
0.17878
0.81623
0.90938
0.51218
0.20985
0.93686
0.51627
0.44377
0.13896
0.47896
0.18381
0.70707
0.20009
0.06095
0.54488
0.33914
0.48483
0.91835
0.99627
0.12863
0.94619
0.02694
0.53611
0.95259
0.70253
0.30490
0.63752
0.90907
0.12837
0.90905
0.96154
0.79705
0.20521
0.28568
0.70654
0.29930
0.01656
0.94754
0.05033
0.90575
0.18907
0.88176
0.06140
0.19586
0.35423
0.12004
0.02948
0.07821
0.85495
0.63019
0.12533
0.68794
0.80199
0.78639
0.73112
0.39921
0.26769
0.07955
0.61383
0.96594
0.78941
0.22159
0.63795
0.25869
0.17436
0.20372
0.91609
0.93452
0.96391
0.83140
0.86735
0.63564
0.13358
0.76349
0.34572
0.78298
0.31411
0.76167
0.64158
0.56237
0.27491
0.97665
0.38175
0.14027
0.62335
0.22585
0.72644
0.66392
0.28205
0.47960
0.69739
0.42753
0.61710
0.37023
0.34337
0.21958
0.19699
0.68063
0.91705
0.59076
0.65355
0.37402
0.14197
0.80443
0.95042
0.21560
0.22486
0.87025
0.77207
0.68306
0.64912
0.39158
0.87632
0.40411
0.80498
0.22737
0.95704
0.43169
0.13590
0.81949
0.05632
0.78994
0.08342
0.90226
0.04027
0.44038
0.60714
0.11322
0.05946
0.65180
0.70049
0.27746
0.54088
0.91277
0.04431
0.80532
0.06657
0.06798
0.97317
0.77517
0.56731
0.68768
0.40982
0.48179
0.06242
0.18271
0.65258
0.53287
0.39902
0.50797
0.27677
0.69530
0.07390
0.02292
0.83762
0.84325
0.78225
0.25943
0.74155
0.44348
0.01712
0.09330
0.76684
0.43770
0.74695
0.81227
0.04546
0.95870
0.04786
0.00300
0.58985
0.10863
0.04188
0.67983
0.08676
0.40411
0.96223
0.72629
0.23171
0.71409
0.27382
0.19221
0.27207
0.68688
0.47708
0.24165
0.11038
0.64568
0.59916
0.03653
0.61159
0.99277
0.80051
0.55381
0.10301
0.46277
0.54714
0.29019
0.09584
0.02249
0.64516
0.69387
0.34379
0.67424
0.03509
0.35590
0.51914
0.88148
0.85337
0.86930
