0.38287
0.98094
0.17200
0.98363
0.43575
0.34888
0.18926
0.98861
0.95204
0.49012
0.12863
0.21330
0.82868
0.57085
0.46470
0.94039
0.64578
0.05950
0.29136
0.14869
0.71337
0.21844
0.38515
0.81418
0.49330
0.23906
0.34327
0.46638
0.77718
0.73443
0.53063
0.82634
0.99442
0.90768
0.38199
0.70176
0.37855
0.75683
0.60349
0.92688
0.34757
0.46988
0.57860
0.98386
0.10989
0.05775
0.14820
0.81049
0.31225
0.16707
0.16890
0.40936
0.81112
0.16942
0.59323
0.46682
0.13463
0.62480
0.61260
0.58710
0.91661
0.33532
0.45154
0.22086
0.94494
0.51977
0.85007
0.87899
0.48306
0.44333
0.11821
0.65190
0.71892
0.08743
0.65522
0.63514
0.58947
0.02367
0.58323
0.78295
0.39855
0.99105
0.38630
0.66999
0.88439
0.63074
0.59066
0.27960
0.77854
0.21490
0.06235
0.92601
0.06965
0.88895
0.99543
0.39871
0.42832
0.66792
0.15093
0.10383
0.12169
0.42494
0.82533
0.21450
0.68051
0.96908
0.75698
0.95790
0.57350
0.01739
0.15531
0.89041
0.39631
0.32886
0.96323
0.12227
0.44590
0.48272
0.41239
0.10842
0.90852
0.30920
0.47197
0.62035
0.90025
0.10747
0.64182
0.14247
0.55999
0.02454
0.95171
0.23655
0.26765
0.41990
0.18933
0.11125
0.32645
0.07984
0.06026
0.95340
0.07736
0.96577
0.09559
0.32425
0.47338
0.82696
0.46534
0.38091
0.55988
0.53546
0.81820
0.66537
0.05675
0.68238
0.86064
0.97488
0.61079
0.85357
0.15940
0.31019
0.02979
0.17532
0.57402
0.99493
0.29579
0.23650
0.45119
0.42976
0.43535
0.77554
0.94804
0.84604
0.06274
0.48364
0.04290
0.44766
0.72666
0.59122
0.16565
0.57510
0.43462
0.95931
0.76818
0.36339
0.40611
0.64580
0.69511
0.63193
0.89214
0.89440
0.95919
0.44253
0.38451
0.32000
0.85615
0.62888
0.78113
0.12341
0.60760
0.42628
0.04061
0.88072
0.84771
0.11850
0.79674
0.09512
0.38958
0.40631
0.85441
0.12611
0.25102
0.92146
0.38615
0.47649
0.23872
0.30127
0.86403
0.80466
0.50052
0.46700
0.84763
0.62349
0.05055
0.38899
0.72888
0.18732
0.36839
0.14271
0.69342
0.67599
0.26133
0.97655
0.16423
0.06840
0.23336
0.59926
0.62767
0.90726
0.81649
0.79263
0.45006
0.19725
0.57106
0.68188
0.24989
0.72496
0.34863
0.04085
0.93679
0.48208
0.84072
0.22871
0.08586
0.75394
0.63077
0.17463
0.78373
0.52944
0.38825
0.67831
0.58126
0.46800
0.66710
0.07217
0.43475
0.70735
0.26979
0.01582
0.71927
0.57722
0.76152
0.11034
0.72531
0.35394
0.92115
0.99327
0.80157
0.20350
0.37952
0.78869
0.48746
0.38949
0.03533
0.91288
0.87017
0.12907
0.50804
0.38368
0.78011
0.25411
0.05125
0.00920
0.85853
0.76739
0.69298
0.67673
0.37810
0.23114
0.51668
0.35506
0.81689
0.42149
0.63915
0.88438
0.09363
0.39576
0.58031
0.81400
0.13316
0.15235
0.92853
0.43678
0.29190
0.07370
0.39671
0.08591
0.78156
0.91851
0.72854
0.24409
0.92142
0.89460
0.72538
0.34333
0.88240
0.28050
0.68317
0.57075
0.99531
0.10581
0.65214
0.51724
0.57147
0.04695
0.70052
0.11977
0.07120
0.83098
0.54748
0.28091
0.82127
0.74991
0.07110
0.48972
0.55918
0.40013
0.72950
0.21270
0.66075
0.35646
0.64459
0.09401
0.43803
0.54193
0.62046
0.81561
0.12064
0.24688
0.65951
0.15404
0.14784
0.05237
0.29610
0.73896
0.73297
0.97998
0.36455
0.65308
0.02765
0.49934
0.55471
0.79229
0.59640
0.57294
0.04562
0.94975
0.30601
0.43064
0.35897
0.72501
0.86136
0.86740
0.19140
0.28521
0.61917
0.43348
0.69183
0.75195
0.60415
0.31233
0.50180
0.41045
0.88392
0.41398
0.45348
0.80891
0.72712
0.71326
0.71007
0.49593
0.49011
0.37350
0.43291
0.12201
0.01338
0.08773
0.88561
0.41975
0.58677
0.32578
0.36853
0.39823
0.91516
0.91410
0.12221
0.65953
0.29286
0.67946
0.83640
0.83788
0.39376
0.83901
0.64786
0.25835
0.80654
0.47961
0.72762
0.60424
0.83008
0.40763
0.72017
0.30422
0.52410
0.47877
0.03219
0.42170
0.78924
0.51439
0.38109
0.35559
0.02144
0.93667
0.91086
0.56913
0.00824
0.94139
0.85450
0.29508
0.55052
0.42631
0.15512
0.27351
0.90650
0.49632
0.22248
0.59221
0.79891
0.11617
0.90245
0.16149
0.74214
0.04960
0.27923
0.60996
0.23009
0.31706
0.84855
0.44872
0.04830
0.50788
0.95331
0.47147
0.47997
0.81186
0.01053
0.65130
0.10720
0.62284
0.09642
0.38548
0.12113
0.82146
0.69357
0.23198
0.39586
0.77768
0.26662
0.87986
0.98760
0.97187
0.10873
0.27104
0.31826
0.39099
0.35406
0.79499
0.82698
0.63920
0.19475
0.51241
0.70430
0.76554
0.67866
0.87343
0.36388
0.93160
0.52901
0.85494
0.26536
0.97047
0.44706
0.73275
0.25468
0.48580
0.85572
0.62272
0.81867
0.27294
0.00429
0.21669
0.02830
0.41546
0.98318
0.47268
0.03063
0.60696
0.81744
0.92044
0.75989
0.46579
0.96598
0.17370
0.47794
0.02793
0.16232
0.46969
0.71980
0.60300
0.03858
0.54927
0.09867
0.95266
0.19491
0.78816
0.29251
0.31407
0.45871
0.40986
0.64295
0.40827
0.92513
0.86838
0.18945
0.09930
0.64883
0.26775
0.65617
0.21378
0.28279
0.65679
0.62162
0.59716
0.61926
0.62209
0.57966
0.39699
0.41649
0.03384
0.31769
0.47099
0.04403
0.37497
0.79898
0.38125
0.27959
0.79914
0.69969
0.61092
0.27837
0.33354
0.23095
0.21066
0.94587
0.51036
0.35810
0.55015
0.13980
0.04484
0.68924
0.97568
0.04607
0.10203
0.42220
0.15085
0.35490
0.22263
0.79811
0.00508
0.97289
0.52478
0.83336
0.79044
0.39155
0.49784
0.80219
0.46691
0.39046
0.92432
0.63745
0.41340
0.93810
0.48107
0.04146
0.96999
0.66980
0.52860
0.21492
0.62856
0.43932
0.53799
0.97862
0.04815
0.95259
0.51508
0.74883
0.20248
0.89759
0.35298
0.53089
0.37836
0.83242
0.59005
0.81208
0.04286
0.11335
0.48654
0.15662
0.35999
0.21897
0.92921
0.50504
0.86596
0.32466
0.20789
0.73678
0.84974
0.90200
0.64955
0.76007
0.36071
0.61037
0.80984
0.02434
0.20708
0.94871
0.88875
0.83144
0.80248
0.12850
0.65712
0.28338
0.82602
0.71046
0.33619
0.21996
0.96947
0.34924
0.76877
0.85411
0.36310
0.56947
0.59435
0.18836
0.18564
0.58760
0.58593
0.28620
0.50885
0.81193
0.75084
0.13419
0.98902
0.67287
0.40963
0.54155
0.10645
0.84670
0.79088
0.33209
0.66464
0.99194
0.43714
0.81135
0.96736
0.66781
0.00369
0.04453
0.33807
0.97630
0.17000
0.65356
0.90106
0.44406
0.47844
0.43904
0.20664
0.47987
0.72803
0.33912
0.20535
0.22677
0.14303
0.45674
0.14129
0.95155
0.68504
0.05413
0.26215
0.50585
0.17403
0.80910
0.96179
0.82785
0.58333
0.52275
0.75348
0.02203
0.33377
0.98941
0.58157
0.70275
0.70510
0.59710
0.99899
0.78154
0.34269
0.55009
0.70439
0.15635
0.48450
0.19165
0.35636
0.14055
0.91970
0.98931
0.37956
0.78360
0.20184
0.12566
0.09439
0.96095
0.34522
0.76760
0.39438
0.99945
0.92410
0.85216
0.57656
0.36405
0.20140
0.43147
0.13884
0.20234
0.05701
0.24668
0.23757
0.98214
0.26550
0.43075
0.53426
0.74087
0.48176
0.05565
0.28180
0.06277
0.22773
0.83079
0.05362
0.93352
0.76181
0.36522
0.77940
0.35760
0.27351
0.37207
0.22500
0.99233
0.76772
0.82091
0.01583
0.47313
0.42207
0.49805
0.65580
0.05670
0.01641
0.90867
0.61371
0.32734
0.52497
0.17641
0.83982
0.75895
0.49356
0.43121
0.56770
0.29806
0.73576
0.47984
0.47230
0.54557
0.93103
0.83841
0.21245
0.70257
0.60877
0.89853
0.73398
0.15505
0.89179
0.17918
0.85591
0.63628
0.79139
0.35300
0.76356
0.25489
0.07327
0.68669
0.69179
0.32519
0.47573
0.04705
0.47450
0.76569
0.10595
0.70646
0.04126
0.58636
0.83867
0.31298
0.29938
0.64146
0.09006
0.76720
0.52079
0.00964
0.18356
0.61870
0.23485
0.39279
0.41417
0.79154
0.30338
0.56121
0.48630
0.22154
0.42984
0.94325
0.84148
0.87685
0.77963
0.34825
0.68451
0.59990
0.54963
0.26070
0.16003
0.71925
0.29706
0.54067
0.44169
0.77109
0.01568
0.13881
0.20719
0.96401
0.57885
0.87383
0.79574
0.05598
0.02905
0.45360
0.07002
0.23126
0.31801
0.68391
0.61796
0.97397
0.47345
0.32118
0.07040
0.88239
0.40110
0.15958
0.48340
0.71985
0.67444
0.08160
0.50014
0.55136
0.28336
0.42441
0.05576
0.80325
0.91076
0.30308
0.56458
0.04614
0.27815
0.99565
0.17296
0.97905
0.29590
0.19523
0.04192
0.51448
0.67683
0.53183
0.94597
0.91588
0.33653
0.07395
0.64672
0.95372
0.86412
0.68495
0.60541
0.19770
0.08732
0.21875
0.76080
0.18793
0.01346
0.57911
0.24616
0.71545
0.98182
0.47517
0.07421
0.23625
0.64607
0.39922
0.62512
0.66863
0.98239
0.20989
0.10306
0.34970
0.70393
0.00712
0.67060
0.74398
0.61935
0.98792
0.84297
0.94992
0.17121
0.80470
0.08440
0.25039
0.36552
0.07660
0.90189
0.69408
0.65728
0.60505
0.20000
0.21585
0.57024
0.30341
0.91265
0.99264
0.90343
0.31142
0.51349
0.53493
0.84418
0.82961
0.04741
0.60030
0.67198
0.68554
0.99230
0.70683
0.93111
0.32226
0.65913
0.17895
0.59632
0.58265
0.15481
0.80492
0.03779
0.27375
0.68769
0.65554
0.67591
0.51425
0.26073
