-32.398	20.714	12.879	-25.081	-16.182
-15.177	-8.038	-58.534	26.929	-19.945
-43.793	32.710	-0.627	-13.407	-39.154
-36.298	-14.434	-46.807	-4.826	-19.182
-17.833	41.341	22.774	-5.973	-31.541
-44.523	-6.038	-35.329	-10.316	-28.560
-33.555	-18.602	-51.572	2.162	-20.299
-36.389	-8.538	5.694	-34.219	-12.870
13.550	20.014	-32.911	52.412	-22.929
-38.568	-18.069	-46.163	1.103	-21.796
-26.208	-13.854	-53.984	22.643	-15.499
-6.700	-10.473	-50.908	32.873	-13.920
7.280	-2.312	-37.607	44.627	-15.019
14.817	13.620	-36.899	46.460	-9.927
19.174	15.432	-31.464	47.161	-11.140
-35.815	44.022	10.734	-4.294	-46.643
-51.753	32.981	-4.401	-14.234	-36.756
13.090	40.760	19.331	20.227	-19.157
21.560	29.375	-19.939	45.465	-13.215
5.324	-3.035	-49.638	39.369	-16.871
24.228	23.178	-3.457	38.547	-7.734
12.684	47.879	-10.063	40.796	-32.817
-45.814	-0.274	-23.121	-21.847	-26.343
26.865	3.990	-17.594	42.963	-0.411
-29.863	-26.866	-18.054	-25.447	4.516
-32.224	25.539	13.221	-20.796	-30.960
-42.107	-20.220	-49.895	-1.848	-25.491
-23.799	40.243	19.273	-17.301	-28.996
-46.323	-8.702	-37.076	-9.749	-19.379
-35.886	-15.326	-9.926	-31.351	-9.186
11.530	-8.778	-36.351	28.871	1.989
6.182	-25.471	-32.344	19.784	7.021
-43.938	21.992	2.298	-20.502	-35.421
-7.464	-5.833	-55.128	33.038	-15.839
-49.062	1.467	-16.725	-21.788	-36.052
-15.343	56.293	11.308	20.043	-36.380
27.966	16.366	-12.652	40.896	-3.734
-38.934	27.463	13.318	-20.519	-31.460
2.253	7.696	-48.913	50.327	-18.129
-7.007	47.583	22.025	6.230	-26.433
-31.079	24.160	19.442	-29.860	-22.644
-50.163	-3.612	-31.627	-16.768	-25.660
-18.303	36.624	20.464	-11.428	-31.103
-25.098	-33.092	-22.518	-26.487	-3.421
-22.621	-29.584	-32.104	-15.976	1.631
-34.477	12.379	10.495	-22.199	-17.704
-22.055	34.206	20.938	-25.295	-23.148
8.518	48.434	-3.066	41.525	-29.877
-15.234	35.590	22.846	-3.424	-30.960
6.061	49.002	23.038	14.760	-20.404
-46.659	3.135	-13.239	-23.285	-31.300
-6.590	57.872	9.367	18.243	-34.568
-38.044	9.823	11.147	-31.813	-17.961
-6.693	-5.186	-52.629	37.960	-15.599
-14.304	38.228	27.178	-8.244	-22.216
-46.067	10.003	-1.504	-23.833	-23.293
-37.590	-14.445	-43.205	-2.635	-22.194
-37.953	-15.284	-40.988	-9.024	-22.448
-15.757	31.760	22.252	-20.566	-18.521
19.321	22.341	-20.602	40.292	-15.460
-45.846	12.180	-5.049	-27.677	-25.593
-23.755	52.342	15.883	-2.513	-36.246
-26.539	-28.306	-18.830	-23.469	-4.375
-52.833	6.090	-14.793	-19.024	-26.503
13.845	6.037	-35.287	49.918	-14.288
-0.974	42.540	21.003	5.140	-24.244
-11.722	-13.741	-55.883	25.482	-18.889
22.460	17.036	-13.907	43.411	1.699
10.361	13.226	-45.421	47.653	-18.086
-38.217	-17.552	-50.503	2.200	-25.369
-37.874	31.303	8.872	-17.379	-33.767
-40.815	-15.438	-49.510	0.916	-27.096
-31.080	-20.166	-44.961	6.134	-23.491
17.482	27.699	-25.556	52.162	-19.811
6.512	48.539	-5.441	39.379	-26.408
-14.973	38.991	24.462	-14.050	-26.467
16.972	42.985	9.049	24.624	-17.215
25.125	18.950	-12.671	40.471	-3.493
2.796	45.698	24.181	15.902	-23.310
23.176	-5.768	-23.602	38.256	5.545
-50.783	-6.186	-26.251	-19.969	-24.866
10.715	37.051	15.193	22.678	-22.903
23.968	-7.112	-22.842	31.840	1.856
-30.237	19.895	24.813	-17.349	-23.527
16.510	15.677	-23.372	46.452	-18.389
-6.370	50.675	1.671	31.799	-31.771
-37.012	40.760	8.846	-12.263	-47.412
4.136	0.101	-55.789	44.244	-17.446
-23.921	-27.004	-22.332	-13.605	-0.722
27.153	20.777	-9.996	37.974	0.926
-41.024	36.059	-0.983	-19.707	-37.261
23.016	33.758	4.543	35.980	-12.512
-22.288	-34.518	-19.951	-11.974	4.878
-49.458	-2.311	-34.519	-8.682	-24.170
-44.054	-7.709	-34.507	-3.992	-30.231
20.695	34.396	-11.483	39.817	-18.215
5.636	-36.185	-39.259	18.190	5.217
7.023	27.288	-26.249	47.810	-28.410
8.135	23.919	-41.639	48.568	-20.863
6.606	44.080	17.636	19.051	-25.807
9.707	49.644	19.247	13.488	-17.797
-15.324	39.253	23.721	-8.479	-22.615
-11.381	54.084	11.479	10.281	-36.035
-48.536	6.584	-7.836	-23.842	-23.050
1.006	-24.454	-37.208	17.377	5.025
-16.445	54.961	11.893	13.857	-31.048
-20.302	38.272	28.894	-14.401	-24.918
-42.116	-22.423	-41.182	-0.091	-20.943
18.130	15.315	-25.589	45.192	-15.774
-17.282	-14.942	-52.720	17.824	-17.581
12.037	41.817	-20.087	53.277	-25.679
-18.211	-33.339	-28.447	-10.878	5.586
22.772	3.397	-22.238	40.436	2.282
-32.468	26.480	21.986	-23.942	-16.432
-9.326	56.211	10.626	19.289	-33.788
5.927	16.103	-38.920	49.544	-27.153
4.535	55.887	-0.533	36.332	-24.582
-47.007	-7.870	-33.516	-15.736	-23.328
17.235	40.111	12.720	20.745	-21.663
-49.180	1.496	-17.198	-25.382	-32.329
-45.544	10.075	-5.494	-18.303	-29.607
13.503	-17.939	-34.682	35.179	4.266
-17.535	-33.549	-27.175	-7.462	9.305
24.542	17.711	-14.097	35.054	-0.443
-18.820	44.275	19.589	-8.007	-34.798
-6.605	43.202	25.253	2.335	-26.500
-29.544	-17.220	-49.196	14.229	-16.811
23.174	3.158	-21.672	35.813	-8.113
5.657	42.850	11.214	22.779	-14.439
18.972	38.970	12.099	29.754	-14.087
-0.824	43.901	21.826	8.651	-15.311
-47.984	16.739	-1.883	-26.461	-31.707
32.268	-3.390	-25.365	37.041	3.921
-57.371	0.233	-24.282	-17.894	-34.613
-2.193	-13.509	-48.487	36.470	-19.227
-3.473	-31.987	-40.507	2.002	4.591
-11.758	-12.966	-53.314	32.571	-21.710
11.106	-25.875	-37.258	20.112	10.098
-37.721	34.859	7.790	-12.052	-42.984
-27.336	22.284	18.399	-27.476	-22.384
-16.520	-13.512	-56.286	17.606	-15.792
14.805	44.869	13.801	20.572	-20.267
6.024	-10.336	-41.595	39.747	-9.152
-44.860	-12.869	-45.397	-10.399	-20.901
-54.051	17.325	-6.989	-20.359	-40.012
12.244	34.124	-23.959	53.730	-25.540
14.261	39.362	0.908	37.073	-21.737
-50.629	-4.949	-38.197	-11.191	-31.470
-27.297	-17.020	-56.546	14.834	-22.567
19.980	25.351	-23.391	38.391	-14.251
-41.010	38.388	9.261	-12.919	-35.521
-40.411	-7.604	-0.537	-27.186	-16.187
21.746	35.146	-4.238	45.417	-17.777
-23.438	-26.751	-23.957	-12.772	2.622
-25.145	-32.051	-24.998	-16.530	-4.921
9.549	27.556	-27.951	51.045	-22.453
-18.252	43.262	22.364	-1.971	-24.435
-26.134	-15.481	-54.051	21.168	-21.325
-37.625	30.172	16.649	-23.284	-30.184
-45.710	-4.804	-4.086	-31.913	-10.142
6.926	51.437	-2.200	41.546	-32.262
-16.678	55.219	6.108	5.037	-35.498
-32.512	45.155	12.785	-12.106	-41.562
11.997	15.266	-37.450	46.988	-23.692
-36.897	27.512	10.515	-17.794	-30.318
-52.669	-0.378	-18.442	-24.360	-32.520
-49.669	8.790	-3.483	-21.316	-32.293
10.931	-1.822	-40.402	42.340	-14.154
-5.084	47.039	21.174	2.217	-21.402
-12.892	40.965	22.296	5.410	-24.449
-36.807	-19.057	-44.019	-3.039	-23.895
-32.049	40.845	14.039	-13.672	-25.434
-53.783	20.976	-8.305	-15.001	-36.049
6.542	7.061	-45.932	50.989	-20.201
-35.555	41.034	4.501	-11.519	-39.371
-29.460	-15.761	-51.816	12.041	-21.537
-24.495	-19.856	-51.254	8.131	-19.615
-29.722	-17.193	-52.130	4.733	-18.713
6.424	-24.552	-42.620	23.127	7.518
13.014	41.792	15.969	24.205	-16.309
-43.038	20.223	9.184	-22.833	-27.256
13.694	31.819	-25.793	52.305	-19.636
-29.969	17.236	18.038	-26.752	-21.095
12.625	47.029	0.212	38.611	-29.642
-25.496	-15.285	-52.911	3.235	-15.569
1.871	42.366	24.830	8.725	-21.034
-47.386	-16.542	-43.655	-0.036	-23.558
-52.176	10.560	-23.773	-16.833	-37.275
13.953	45.385	17.567	25.120	-17.087
24.887	-15.625	-26.981	33.186	3.856
-52.357	7.523	-27.354	-16.510	-33.149
-12.535	-38.819	-28.634	-9.394	5.282
15.160	37.515	-2.272	35.341	-14.232
3.001	-29.280	-36.863	16.526	9.588
-19.381	-33.834	-23.940	-17.236	1.312
-33.477	-18.911	-13.385	-27.493	-8.219
-12.541	-34.192	-35.969	-4.877	4.266
-45.278	-25.230	-42.907	-1.429	-27.906
-4.117	-15.809	-50.302	28.809	-13.747
-49.071	3.323	-14.671	-21.564	-24.118
-0.133	-2.216	-51.304	45.043	-17.093
-25.898	-13.497	-48.739	3.895	-21.610
-56.569	2.483	-11.209	-27.513	-27.105
-37.230	-18.478	-10.388	-28.526	-8.054
-44.912	10.273	3.079	-16.735	-37.364
-15.005	-13.604	-58.320	28.193	-24.776
-46.253	-6.338	-13.657	-22.757	-28.952
-54.862	11.843	-17.630	-27.790	-33.227
13.933	-16.419	-37.133	30.532	11.408
15.882	43.827	14.422	27.602	-21.239
-42.432	-2.843	-21.619	-19.765	-33.373
-25.114	44.134	16.052	-2.898	-42.477
-20.289	32.684	22.608	-15.063	-18.667
12.788	26.508	-24.401	49.274	-20.375
16.990	42.310	9.945	24.451	-8.485
-33.297	32.800	20.383	-9.696	-28.594
-5.014	43.794	23.423	6.668	-14.554
4.240	-26.808	-41.325	27.677	5.946
19.987	41.306	11.807	31.915	-21.108
12.159	42.101	9.106	27.537	-19.869
8.415	52.843	-4.465	39.989	-25.903
-49.667	14.275	-18.393	-16.395	-38.013
8.042	-18.950	-31.170	31.862	9.706
-17.901	44.310	27.077	-11.792	-26.637
-21.854	-17.884	-58.694	17.143	-19.482
-12.741	-20.905	-53.927	25.695	-15.094
-19.459	-19.424	-55.043	12.537	-16.008
-9.122	44.286	33.629	-1.033	-23.742
26.496	-3.480	-27.635	34.943	2.435
20.672	-14.396	-34.282	27.958	6.486
-40.541	-15.597	-2.421	-31.832	-11.997
-42.307	-11.346	-49.717	-6.236	-21.652
-36.683	-14.018	2.961	-34.539	-11.349
17.103	37.230	6.628	26.936	-12.272
-45.512	-8.689	-44.021	-5.814	-25.463
2.710	-5.315	-45.712	40.870	-13.089
-14.852	-8.006	-53.557	34.325	-20.655
12.236	39.376	-16.070	44.390	-26.770
-45.392	-9.735	-35.309	-13.405	-18.083
13.535	24.142	-30.023	47.715	-25.709
24.729	30.525	-5.781	43.567	-2.810
-26.900	31.149	29.417	-11.494	-19.743
28.811	23.283	-9.231	41.691	-6.819
-49.555	19.206	-9.914	-20.864	-37.733
20.455	27.487	-10.450	46.576	-14.236
27.293	30.781	5.422	33.466	-7.243
-33.381	25.370	9.388	-25.148	-29.209
-14.386	37.038	21.837	-12.152	-18.086
-45.208	-15.892	-42.165	-5.482	-23.405
-9.458	-7.768	-54.766	29.070	-18.554
23.040	-5.542	-21.887	37.497	6.375
22.587	-5.869	-22.632	32.425	2.625
16.544	18.666	-29.983	52.045	-18.713
-28.962	47.940	8.640	-3.504	-40.226
-5.058	-6.473	-56.803	36.780	-12.400
-47.880	16.624	-13.614	-18.367	-35.840
7.728	1.663	-41.967	42.621	-9.725
-0.606	-7.322	-53.265	37.489	-11.248
21.454	27.171	-19.564	44.379	-14.643
-17.220	34.506	28.612	-11.616	-24.084
-53.413	18.384	-12.317	-28.882	-33.171
-31.337	-25.704	-47.783	1.738	-18.896
-23.751	-17.887	-54.341	14.175	-19.048
3.239	-9.537	-54.548	35.751	-13.831
-15.844	-15.588	-52.137	21.488	-15.516
-4.632	-36.790	-34.088	4.909	5.856
-9.551	38.526	27.924	-6.336	-25.217
-49.920	2.370	-19.434	-20.040	-32.074
-31.412	34.913	22.121	-13.571	-30.485
-34.527	9.121	11.579	-29.497	-19.770
12.422	1.097	-31.378	52.398	-18.946
-9.096	41.629	20.903	3.096	-22.806
20.399	30.277	12.412	29.309	-8.237
6.648	41.924	14.775	18.144	-18.537
-1.603	48.212	20.617	13.152	-20.162
4.152	-0.471	-47.061	40.209	-11.684
27.771	18.882	-9.151	41.674	-6.978
-24.996	-17.738	-58.459	14.212	-20.703
17.041	30.361	10.135	32.417	-14.468
1.492	-2.904	-49.698	32.722	-17.205
10.396	46.056	-13.913	45.384	-32.604
17.691	41.103	7.735	33.016	-16.912
-22.747	29.271	20.735	-22.828	-20.949
-28.237	-16.958	-4.773	-29.010	-11.314
-46.079	26.274	-0.352	-25.075	-43.870
9.726	40.465	21.662	13.671	-17.859
-38.647	2.020	9.343	-23.889	-21.000
-36.008	-9.956	-9.653	-30.837	-13.160
7.129	52.721	-2.028	35.075	-31.079
23.823	24.594	-4.085	43.227	-4.822
-36.920	0.372	2.401	-31.040	-11.685
-43.575	18.393	-1.053	-25.445	-34.556
-44.951	13.410	0.323	-24.492	-32.678
-12.283	39.633	22.610	-8.211	-22.587
-22.239	-33.552	-35.049	-8.971	-0.372
-3.340	-4.460	-55.546	45.625	-16.380
-54.326	-1.036	-22.174	-22.319	-32.940
-6.697	-9.105	-49.685	35.440	-17.833
-30.540	-29.141	-19.053	-19.012	-7.278
-26.476	32.605	24.584	-18.037	-25.881
23.046	28.691	-9.420	35.685	-2.553
2.138	-33.915	-39.144	17.363	4.743
19.618	-18.070	-37.893	30.149	2.879
-2.043	-32.893	-35.878	10.217	1.762
28.207	20.736	-6.802	35.155	-2.017
-1.400	-33.467	-33.014	7.323	13.296
-16.994	55.290	11.504	6.143	-42.777
25.750	6.711	-17.269	38.090	0.460
-33.429	-12.914	-44.201	1.566	-18.759
-29.438	45.400	17.660	-3.246	-35.981
-1.253	-6.262	-56.008	36.592	-21.402
20.609	30.706	-28.069	45.227	-26.191
-43.913	-9.346	-27.279	-17.644	-29.182
-43.615	11.862	2.226	-24.284	-30.423
-36.301	40.759	11.818	-8.157	-42.478
17.968	3.369	-42.576	45.612	-8.303
-41.936	-16.466	-5.849	-27.335	-11.188
-22.920	-16.792	-54.373	16.875	-16.668
21.676	30.655	-8.067	45.661	-15.719
-49.692	-1.085	-11.709	-23.261	-24.519
8.953	39.815	13.322	24.184	-20.949
-3.496	44.879	20.432	8.920	-25.679
-33.367	-21.235	-40.214	0.471	-15.241
-50.667	4.293	-22.143	-19.794	-32.260
26.520	29.476	-2.195	36.488	-15.709
16.645	41.840	6.180	29.490	-24.398
6.248	7.356	-45.276	38.300	-14.768
-32.971	19.543	14.486	-24.329	-22.685
12.764	44.742	13.484	23.580	-18.067
-42.844	-13.444	-35.859	-10.911	-24.040
-21.892	39.706	24.159	-7.294	-28.868
-24.458	32.980	23.800	-15.214	-26.950
-42.438	19.496	4.546	-22.828	-26.950
15.307	-11.562	-32.858	36.292	1.272
19.256	38.539	-5.061	35.666	-22.355
-2.906	-16.057	-50.336	39.183	-15.057
4.296	17.548	-42.626	46.866	-18.819
-52.931	-1.191	-27.993	-15.293	-34.465
-11.977	52.798	13.322	4.479	-38.684
-29.197	50.156	17.980	1.848	-39.368
-3.393	48.088	24.796	4.076	-22.751
-40.148	45.134	11.248	-11.142	-34.003
-10.441	-16.462	-51.645	22.897	-19.815
-47.009	11.601	-2.454	-21.272	-31.160
-40.763	-9.238	-8.246	-32.053	-5.511
13.850	36.587	8.022	25.819	-19.460
14.614	37.433	-4.421	40.635	-18.592
2.514	4.019	-47.225	44.977	-20.964
-36.070	-19.250	-41.965	-2.825	-29.975
3.409	45.081	21.585	9.049	-23.100
10.479	37.102	-22.383	49.591	-24.820
-47.924	10.573	0.777	-26.488	-31.188
-51.794	4.160	-17.274	-21.080	-20.352
25.784	30.689	-3.532	34.100	-10.453
-52.314	23.537	-2.877	-19.347	-32.522
-47.531	-3.760	-38.131	-15.763	-30.237
-37.762	11.263	15.923	-23.192	-17.732
14.641	26.883	-5.368	37.618	-6.160
7.645	-28.308	-41.701	27.993	5.286
7.208	8.513	-38.372	52.866	-18.848
26.730	10.578	-11.833	36.322	0.196
-13.693	43.673	21.215	2.002	-22.517
-34.611	-23.747	-8.208	-25.830	-5.383
-17.643	-13.803	-58.385	21.684	-16.401
23.303	-12.343	-19.392	38.529	-1.308
4.407	48.302	-8.549	38.049	-30.180
-51.088	-6.097	-29.545	-14.637	-33.167
-1.730	-5.570	-56.133	33.522	-18.823
12.627	40.377	7.163	29.122	-18.078
-41.037	13.689	6.526	-25.477	-22.297
-32.009	48.571	10.936	-4.449	-36.416
-51.549	23.180	-0.409	-17.589	-35.245
-30.222	-19.256	-46.032	6.381	-20.436
-1.953	39.199	22.456	9.114	-27.180
-7.198	42.504	18.230	-8.742	-23.940
-13.234	37.715	20.728	-0.250	-25.556
-25.864	-18.696	-53.425	20.088	-23.532
-41.956	-16.933	-39.481	-0.168	-28.586
-21.902	32.444	21.284	-15.673	-17.410
-14.586	34.342	24.518	-7.931	-22.371
19.182	23.304	-23.348	41.231	-14.184
1.245	-29.471	-33.358	14.287	6.829
-38.607	20.779	6.242	-22.913	-30.746
22.649	6.831	-18.240	40.010	-2.545
13.455	45.826	17.759	21.747	-19.178
29.565	18.599	-14.012	41.465	-4.895
-5.497	-13.624	-56.515	29.874	-16.581
-42.000	-15.985	-43.911	-3.106	-23.703
-34.714	-14.971	-48.068	6.901	-20.011
13.934	28.054	-32.008	48.499	-23.327
11.869	16.315	-37.306	49.756	-17.548
-28.750	-19.650	-50.620	17.388	-21.453
4.612	41.643	22.752	20.047	-23.598
-57.447	-1.552	-19.272	-13.919	-37.583
-35.408	16.757	14.295	-28.655	-20.985
-2.674	-6.033	-48.406	33.839	-17.842
17.195	17.252	-33.097	43.270	-15.234
-55.530	15.000	-14.279	-23.783	-39.003
32.829	12.384	-12.961	40.006	-7.050
5.588	-2.101	-44.899	43.359	-10.902
-15.926	43.006	26.927	-10.595	-16.106
11.413	50.758	17.837	16.399	-22.996
-26.415	-15.230	-54.538	11.086	-22.448
-4.425	45.001	25.827	4.560	-13.779
17.766	-16.242	-36.109	27.322	4.137
-7.899	48.695	17.219	4.624	-25.882
19.627	36.358	-2.508	33.376	-14.391
-11.269	47.019	23.798	-6.929	-20.240
-43.240	-14.639	-39.601	-8.105	-28.693
-5.199	-12.601	-54.882	38.332	-17.736
-49.953	9.846	-7.074	-26.502	-31.200
-32.434	-20.840	-8.241	-27.147	-5.075
5.564	-35.273	-40.631	24.120	5.435
6.791	43.158	13.340	24.743	-15.665
-43.067	20.950	-7.929	-14.496	-33.706
-17.660	-36.134	-30.197	-8.028	7.326
15.142	-18.147	-29.572	33.917	4.088
-48.470	-16.515	-39.976	-5.254	-26.170
-30.301	48.742	12.807	-1.746	-42.786
-3.162	-25.437	-36.931	6.831	10.994
-7.692	-13.226	-53.513	29.429	-16.234
-32.548	46.871	5.910	-5.626	-41.894
22.034	31.717	-11.160	41.452	-18.227
-47.140	-5.000	-32.807	-13.047	-20.620
-28.529	34.896	17.217	-14.387	-32.801
-15.896	58.925	12.327	10.055	-36.616
-38.306	-0.650	7.045	-31.731	-10.839
6.224	51.170	-0.685	41.085	-30.466
-53.291	3.287	-17.794	-20.073	-39.672
15.586	36.610	-19.549	46.678	-29.811
-11.475	-31.416	-33.313	-7.188	4.075
-12.273	-15.841	-55.246	28.623	-14.958
-31.722	-14.124	-49.668	3.152	-25.153
-36.130	-1.000	2.822	-32.817	-20.796
-30.707	47.328	6.761	-8.280	-45.770
-2.374	48.012	22.060	1.888	-20.201
-21.606	-35.708	-30.768	-15.028	0.894
-17.928	50.049	22.877	-3.382	-26.194
-28.609	-19.029	-56.107	16.135	-24.191
19.206	31.073	-7.980	40.815	-19.735
-44.811	3.149	-8.539	-24.771	-28.008
-9.079	42.936	25.202	-0.099	-23.845
-7.193	44.624	18.444	6.878	-20.250
1.728	47.912	20.574	12.349	-15.631
-25.967	-16.070	-54.899	9.857	-23.782
-36.720	8.071	4.195	-28.652	-15.740
-31.567	-19.332	-46.406	8.134	-19.187
-10.004	-12.177	-55.249	31.358	-8.995
-3.992	-8.997	-52.907	32.760	-13.598
-47.795	-11.552	-33.915	-8.086	-25.961
-45.298	4.758	-18.665	-17.197	-33.937
-48.845	29.929	-7.187	-20.128	-37.894
24.335	32.727	1.213	42.048	-9.914
-1.191	44.115	25.238	12.336	-19.727
-8.232	41.444	22.866	-5.516	-25.858
-41.022	-15.314	-40.672	-10.627	-28.273
-15.785	-15.981	-53.631	25.636	-18.230
-50.709	29.582	-0.972	-14.962	-34.211
22.970	31.514	-10.965	42.305	-20.840
23.455	-1.941	-22.428	40.369	4.350
-49.009	-5.872	-37.406	-15.314	-25.653
-3.089	-8.776	-50.190	38.290	-17.686
-5.444	-35.349	-37.718	2.807	7.928
-42.687	-13.649	-39.769	-2.443	-19.009
-8.128	-11.696	-50.108	26.398	-12.420
5.269	42.901	20.732	11.988	-19.055
13.535	39.055	5.941	35.598	-19.379
-12.010	-17.295	-57.334	27.052	-14.221
7.672	44.329	-14.324	46.253	-31.622
-46.524	-2.972	-25.094	-17.683	-31.871
-49.412	7.970	-15.727	-24.864	-35.039
-16.145	43.238	26.556	-12.077	-19.792
-43.143	-11.539	-36.954	-9.219	-25.976
27.575	19.005	-3.295	38.673	-4.506
-22.006	38.895	20.180	-10.637	-26.879
-29.419	-33.006	-22.776	-16.956	-3.807
11.962	45.802	20.101	20.151	-17.642
-21.199	52.934	11.198	4.231	-37.221
-41.461	41.297	8.238	-15.850	-39.739
20.143	-1.812	-25.288	33.027	-1.738
3.704	47.010	21.346	10.161	-17.743
-34.422	-13.702	-46.837	-0.048	-21.063
19.534	18.444	-29.840	47.677	-15.669
-47.012	-13.509	-38.547	-9.260	-22.996
-44.575	-4.917	-24.744	-17.939	-28.040
-14.224	-35.710	-32.922	3.030	6.143
21.668	42.467	10.311	32.905	-18.120
-2.732	3.190	-53.626	39.842	-20.279
-24.651	33.619	19.625	-11.574	-33.601
-19.096	-16.233	-48.751	19.028	-18.470
-21.322	38.003	27.788	-7.672	-29.704
-2.572	-13.543	-49.056	33.278	-12.000
-22.235	-17.636	-52.691	25.077	-15.038
-5.173	-11.732	-55.256	37.074	-15.330
6.718	49.773	17.151	14.791	-24.351
-30.243	-25.292	-22.902	-17.080	3.028
-36.925	-17.059	-9.455	-30.354	-8.507
-49.797	-7.722	-27.777	-22.849	-23.011
-35.633	-21.095	-13.979	-28.523	-8.951
-25.535	37.409	17.273	-11.470	-27.182
13.141	40.502	21.335	23.928	-18.144
-44.831	-10.814	0.713	-35.540	-12.355
16.431	16.031	-24.620	43.628	-15.971
-42.380	-12.672	-40.405	-6.120	-22.469
-0.020	-10.278	-50.665	34.152	-11.609
-35.515	51.037	9.194	-3.394	-39.715
-45.763	33.235	5.487	-18.927	-41.972
-52.758	-9.106	-24.290	-18.667	-29.226
-33.329	26.916	10.657	-25.544	-30.370
-7.269	-5.997	-52.754	37.167	-19.327
-48.951	22.957	-3.501	-20.602	-38.465
-5.428	-34.411	-33.507	-10.766	6.552
-12.331	-14.779	-57.702	24.258	-10.047
-1.722	50.198	19.648	13.059	-20.670
-46.787	-6.384	-28.004	-18.880	-24.228
15.170	40.908	-1.632	34.672	-18.398
-56.663	-0.020	-19.374	-17.477	-30.703
-27.111	43.219	12.041	2.420	-43.988
-11.725	48.587	27.072	1.134	-35.227
21.479	8.952	-30.371	46.804	-10.952
-4.600	46.320	24.360	2.879	-22.051
4.570	53.274	-7.475	38.232	-30.355
-27.790	23.058	20.543	-17.995	-21.744
-4.881	39.017	22.741	-0.855	-25.688
-16.407	-16.867	-47.418	22.585	-16.790
-45.257	16.661	1.704	-27.840	-32.944
1.075	-30.779	-37.072	10.355	6.536
13.746	39.076	-16.115	48.281	-31.229
6.509	18.726	-30.350	50.426	-19.337
-31.548	26.218	19.065	-22.216	-17.025
-37.664	38.079	7.350	-13.954	-42.625
-25.080	-33.485	-27.899	-16.051	2.640
24.665	37.373	7.438	36.257	-10.383
19.241	5.926	-36.026	45.819	-14.306
7.976	21.574	-39.076	51.337	-20.198
-36.165	-23.102	-44.062	0.166	-21.513
-28.971	19.955	19.627	-27.777	-13.393
-35.480	-13.325	-10.412	-25.379	-11.229
-11.542	51.087	3.350	25.092	-33.921
-34.928	4.578	7.026	-32.923	-14.864
-23.434	-16.933	-58.877	18.672	-19.467
-41.520	-13.089	-39.255	-9.547	-25.302
-14.166	-18.157	-51.716	26.922	-20.317
8.075	-3.219	-45.300	45.146	-12.041
-49.457	24.774	-1.927	-19.732	-37.791
-40.908	-20.171	-11.583	-28.896	-4.221
-36.337	41.643	5.652	-14.386	-39.553
12.643	30.860	-23.263	53.547	-19.250
-27.077	-19.344	-54.144	13.991	-16.233
-30.293	14.534	15.992	-32.424	-16.269
-35.345	46.370	6.917	-13.884	-44.463
20.461	31.038	-5.684	39.125	-21.728
-31.043	-15.425	-51.148	6.876	-17.526
-19.047	39.349	25.891	-8.956	-15.943
-37.767	-17.756	-44.875	-1.248	-23.145
19.985	39.720	0.586	35.291	-19.849
-38.782	20.997	1.103	-24.818	-30.342
-7.033	47.190	16.987	0.348	-24.250
22.768	33.004	-6.189	36.746	-10.333
7.647	-2.444	-40.175	42.416	-13.233
-21.963	33.799	23.040	-14.279	-24.085
9.714	-25.954	-37.250	25.449	3.518
-48.595	-14.306	-38.776	-11.436	-26.467
29.230	8.781	-15.901	39.079	-5.263
-6.844	62.288	9.424	24.843	-40.347
-48.998	29.371	-1.925	-15.676	-32.737
-47.520	2.680	-30.307	-19.083	-31.527
17.488	30.305	-10.822	40.713	-18.771
17.161	12.104	-33.069	48.597	-8.504
27.949	26.411	4.907	34.487	-9.867
-34.188	-14.089	-12.100	-29.247	-7.716
-35.656	27.515	9.240	-16.294	-28.330
21.074	39.986	7.142	28.208	-13.324
-37.224	35.015	0.018	-9.485	-39.714
-13.348	-38.344	-31.909	-9.924	0.646
-40.263	7.978	3.678	-28.938	-14.391
-34.288	-7.012	0.075	-34.794	-14.405
-38.076	-4.040	6.447	-31.163	-7.988
3.455	9.653	-50.725	41.135	-16.247
4.202	45.383	18.943	12.277	-17.457
-14.455	-37.553	-32.481	-7.182	5.790
19.834	21.522	-20.498	49.569	-16.180
-12.212	38.642	21.310	-5.875	-21.254
27.399	18.235	-13.424	38.393	-4.406
6.171	49.143	-2.314	35.021	-35.876
-46.442	14.308	-3.059	-24.810	-35.197
-7.390	46.008	28.231	-2.411	-20.881
14.367	3.983	-35.733	49.238	-13.421
-21.103	-33.731	-28.296	-19.805	-0.448
-30.811	-13.636	-47.223	7.879	-21.400
-10.820	-13.929	-49.993	31.426	-19.278
-16.232	42.496	14.618	0.581	-36.736
12.455	42.187	4.494	30.353	-15.315
-34.315	-11.352	-0.032	-27.791	-12.766
-9.727	54.469	13.572	18.823	-35.168
-41.737	15.488	5.128	-23.033	-36.119
11.312	-21.596	-33.485	31.458	-2.420
-27.906	-21.270	-45.607	13.878	-21.879
-33.585	-19.363	-49.871	11.818	-23.854
-49.309	28.403	-3.614	-18.729	-37.195
-11.082	59.055	12.104	14.108	-32.976
-43.651	-6.597	-24.538	-16.337	-27.099
26.957	17.059	-11.387	37.045	-0.198
24.415	18.018	-25.602	46.914	-13.777
-24.675	21.772	20.721	-29.483	-17.416
12.598	40.211	-13.582	46.116	-22.626
-52.265	-1.381	-21.400	-19.489	-31.251
-29.747	-23.357	-11.270	-25.144	-2.072
14.430	34.665	5.850	33.450	-19.740
-22.653	-33.667	-25.478	-12.017	4.222
-54.154	9.414	-9.347	-18.387	-35.543
23.141	-5.858	-26.114	42.493	0.166
-39.618	45.498	10.234	-9.868	-36.755
10.770	12.797	-41.132	49.969	-17.946
-45.446	15.949	-6.197	-21.366	-29.262
-41.351	23.593	2.727	-19.937	-31.536
24.224	-10.982	-26.199	34.688	6.667
-44.224	15.870	-6.335	-28.110	-29.895
1.150	-32.178	-36.627	8.476	4.811
-31.640	24.038	9.200	-23.120	-33.411
-30.248	6.274	9.419	-32.753	-15.461
-33.217	-18.787	-16.845	-30.491	-5.579
-9.050	45.283	25.493	-3.932	-28.603
26.792	30.833	-0.983	42.138	-9.242
13.958	40.520	2.279	28.002	-20.701
-28.189	40.186	15.987	-18.008	-25.689
-9.088	42.994	29.825	-1.242	-18.228
10.155	45.101	1.793	42.737	-35.312
-6.507	52.739	6.621	25.163	-31.598
10.152	45.832	23.561	21.059	-14.905
-17.492	-10.700	-53.316	29.341	-9.709
-51.911	11.382	-15.867	-26.172	-31.568
17.764	33.635	-10.579	42.605	-18.106
-3.184	45.376	26.487	5.325	-25.026
1.376	43.903	26.192	12.281	-23.122
-12.157	-11.412	-60.721	23.953	-18.497
15.576	8.194	-40.949	39.980	-11.453
-28.250	51.241	10.828	0.003	-41.868
-42.582	24.624	7.417	-21.766	-27.654
7.465	43.139	14.346	15.636	-22.953
6.855	42.491	12.289	20.128	-17.243
-2.011	47.089	21.646	2.610	-18.641
18.115	44.025	-3.281	38.688	-15.203
-2.120	44.802	19.995	10.274	-25.628
-29.101	-21.335	-13.458	-27.108	-6.065
-8.846	-33.308	-38.135	-1.204	7.541
-48.942	0.824	-14.926	-29.426	-25.995
3.628	4.749	-45.676	38.822	-24.300
-54.673	2.026	-12.575	-16.230	-24.150
5.572	46.484	19.255	10.827	-21.200
-25.951	29.141	19.836	-24.566	-20.549
-0.946	53.650	4.964	29.230	-35.615
-4.004	43.501	27.374	11.500	-21.963
28.139	-1.481	-32.371	36.907	3.942
-47.074	17.697	4.411	-26.274	-29.325
-2.190	43.146	17.343	8.103	-25.339
-4.393	42.436	16.358	6.998	-24.031
-51.908	10.085	-14.369	-20.019	-33.258
-33.902	42.576	10.671	-6.239	-39.592
-26.725	35.977	24.277	-19.538	-27.052
14.072	36.847	-21.368	48.565	-24.049
-19.370	49.512	9.663	-3.868	-39.200
-42.538	-9.670	-40.306	-7.078	-29.401
-24.980	40.995	23.819	-7.447	-31.720
-18.779	-31.204	-22.737	-10.504	4.769
-35.982	11.516	13.301	-31.035	-11.762
-37.493	15.237	15.671	-30.880	-17.306
-28.567	26.770	18.433	-21.798	-18.636
-51.757	3.145	-13.014	-20.551	-28.354
15.059	39.362	8.329	27.334	-11.594
-7.347	-31.720	-34.395	1.597	13.550
-28.844	-21.166	-53.806	13.445	-18.423
-21.095	41.301	18.491	-8.721	-30.763
-22.709	-20.454	-50.134	23.027	-17.508
-32.536	-19.401	-49.772	5.725	-23.867
-48.541	-5.199	-24.674	-20.416	-26.762
-19.880	-16.855	-55.890	11.558	-14.203
6.246	-29.841	-37.629	17.365	8.356
13.046	28.438	-30.200	49.363	-26.122
-60.364	7.593	-20.650	-19.653	-31.428
-25.520	-27.030	-23.112	-18.322	-2.255
-14.151	-30.976	-30.256	-4.762	1.299
23.757	17.716	-3.862	35.782	-5.108
-22.415	-35.398	-25.925	-16.908	-0.065
12.599	42.825	1.196	30.336	-17.804
-36.209	-6.953	1.804	-34.305	-13.393
-29.266	-26.259	-17.395	-26.406	-6.591
14.179	-21.787	-38.571	28.659	4.597
-37.427	-16.930	-49.651	-2.984	-21.691
14.245	37.881	-2.253	37.757	-18.242
-3.992	48.769	3.204	31.357	-32.878
-28.697	45.158	9.180	-8.824	-39.018
-46.468	-16.958	-44.829	-2.989	-24.408
15.035	42.897	10.329	22.194	-20.490
-37.260	38.028	3.884	-9.618	-38.694
-35.650	-20.330	-52.362	8.000	-18.383
-44.052	33.856	3.341	-11.669	-39.567
-13.746	-12.369	-47.939	27.605	-14.567
30.725	8.890	-16.894	39.541	1.747
-26.528	22.628	19.153	-25.585	-16.719
14.184	27.158	-30.128	50.526	-28.219
-31.375	11.243	12.779	-30.907	-16.240
20.050	-11.935	-30.808	31.813	-4.110
-42.850	-9.440	-47.824	-3.596	-26.907
-17.902	-19.421	-58.203	17.178	-15.950
1.578	-4.872	-49.046	43.590	-11.613
-46.296	30.104	0.017	-12.554	-40.889
-19.273	25.751	18.419	-23.380	-20.618
-32.946	13.397	9.667	-32.054	-16.542
-49.691	4.873	-15.550	-26.489	-26.223
-35.888	-18.517	-47.681	6.804	-20.624
6.071	44.944	17.510	13.285	-23.377
-9.676	48.081	20.809	3.122	-29.932
-8.712	-15.300	-60.023	27.897	-14.108
-39.301	-19.728	-44.909	-5.019	-21.357
-47.351	-16.227	-45.350	-11.433	-22.585
-9.294	-32.407	-34.423	2.068	-1.433
-1.106	43.245	20.186	13.098	-20.994
-38.621	-12.767	-4.885	-35.192	-12.105
-38.413	-13.905	-4.184	-33.997	-10.767
-40.422	0.609	7.479	-31.556	-11.001
-1.969	58.561	6.611	29.073	-34.710
16.367	43.919	2.645	27.923	-22.607
17.238	15.375	-26.252	43.710	-10.755
19.849	3.720	-20.214	37.454	1.700
-35.133	30.936	15.234	-18.255	-31.248
-45.843	-5.084	-45.437	-4.084	-23.763
9.555	46.592	19.914	25.877	-18.830
-38.199	43.869	5.461	-10.050	-39.225
17.170	35.401	-4.779	38.884	-19.231
-16.956	-19.469	-59.993	23.872	-17.609
-52.178	3.552	-23.666	-18.139	-31.129
6.070	50.224	-0.011	39.915	-29.939
24.944	36.083	-9.260	43.325	-17.067
-43.149	2.508	-10.224	-17.483	-26.951
-27.222	54.238	11.215	3.018	-34.104
13.910	39.245	1.589	41.187	-16.302
27.577	27.147	-2.451	33.619	-9.115
-29.657	23.545	15.251	-28.613	-28.647
14.776	43.716	-16.678	46.811	-23.784
-21.410	52.866	12.815	9.390	-41.468
11.390	22.930	-32.420	59.568	-23.189
-43.425	-16.462	-37.703	-12.499	-23.874
-48.647	-4.629	-25.794	-22.465	-31.566
-29.457	-18.964	-51.565	10.662	-19.727
-44.764	-2.867	-15.068	-17.081	-28.343
2.048	-3.355	-51.219	31.446	-11.970
18.938	-7.560	-30.165	36.474	0.785
23.214	30.189	-14.236	47.443	-13.595
14.456	-20.589	-35.486	34.987	8.713
-39.004	35.857	13.885	-18.691	-31.151
-36.986	12.671	8.625	-27.627	-16.962
-49.945	10.110	-19.364	-19.818	-31.557
19.807	38.720	9.537	30.542	-13.969
-28.256	-20.989	-50.794	9.871	-21.861
-24.783	-17.638	-53.885	17.359	-21.032
-48.422	1.064	-29.469	-14.302	-36.987
-50.524	29.265	-1.950	-17.288	-38.196
-32.638	43.857	11.717	-0.127	-41.316
-2.025	41.564	19.992	6.617	-24.594
-16.267	55.365	15.110	9.517	-39.878
-47.477	0.301	-20.933	-21.257	-32.851
15.553	38.838	-15.170	44.719	-29.590
-39.421	-15.948	-48.515	-4.346	-28.849
-16.609	39.781	25.770	-10.018	-23.802
-43.197	-17.803	-36.508	-8.748	-23.161
-33.791	-18.934	-10.259	-29.717	-5.633
-31.803	34.830	10.850	-16.030	-32.827
-14.784	48.047	15.360	-4.751	-31.553
-51.399	6.460	-19.180	-16.374	-38.822
9.326	49.760	14.888	17.935	-15.047
24.916	12.591	-13.379	42.552	0.639
27.579	9.632	-18.443	46.335	-2.273
-38.393	22.614	-1.883	-23.797	-28.621
3.857	14.708	-38.452	50.341	-19.444
-5.643	-18.236	-53.510	32.661	-14.581
-36.280	-18.337	-16.521	-28.202	-9.763
7.753	13.896	-38.399	51.142	-22.058
2.402	42.161	17.919	17.049	-17.028
1.362	47.932	21.910	16.606	-21.384
-35.749	26.625	5.989	-21.210	-32.139
-43.101	43.019	7.118	-13.183	-41.531
-9.850	-31.218	-34.169	-6.519	2.507
-2.771	-2.833	-52.049	41.743	-17.986
-3.848	50.656	5.507	25.764	-32.783
-58.950	-6.592	-20.733	-17.057	-34.959
26.509	14.310	-8.927	38.288	-2.806
-14.379	-13.656	-49.528	28.467	-21.974
29.836	12.113	-17.658	43.305	-1.085
26.539	6.798	-18.562	40.906	1.954
-29.758	-22.460	-49.397	17.274	-19.626
1.254	47.547	22.019	8.887	-24.574
13.228	24.337	-29.595	50.201	-25.114
19.449	-7.748	-26.400	36.725	6.717
-51.724	-2.420	-29.646	-21.411	-35.916
-4.710	47.333	17.845	3.556	-21.484
-37.170	2.330	4.129	-35.526	-19.400
-34.575	2.944	8.759	-25.242	-18.620
10.041	-22.652	-37.916	17.718	12.206
-31.166	-16.498	-44.403	7.815	-18.623
16.418	37.417	-2.355	32.923	-13.439
-1.571	-38.310	-37.765	11.387	9.265
10.339	2.310	-42.852	45.569	-11.416
25.975	22.671	1.087	36.686	-8.333
-14.223	54.587	14.130	12.329	-42.145
-43.135	9.820	1.460	-19.126	-29.131
-29.963	52.795	11.819	-4.444	-42.242
21.763	11.167	-34.339	44.514	-12.483
-49.317	-2.157	-17.373	-26.211	-25.873
18.911	36.499	7.418	30.026	-14.637
-27.372	-19.802	-59.260	16.324	-26.108
-38.854	-21.118	-44.273	1.599	-20.659
18.201	-12.416	-31.397	32.413	7.781
5.423	46.845	15.048	18.397	-27.848
16.101	2.136	-41.590	45.199	-17.603
7.042	41.962	16.293	15.266	-18.445
15.911	7.162	-40.781	39.932	-10.473
-33.742	28.380	12.251	-18.114	-28.342
25.707	3.575	-18.950	39.137	3.516
-50.477	10.849	-12.915	-18.551	-35.299
-18.350	44.892	18.961	-6.128	-22.497
-40.759	-18.081	-42.079	-1.802	-21.540
-31.060	-18.054	-12.750	-33.370	-6.274
12.949	45.869	-5.189	41.122	-27.985
-41.962	-17.260	-48.660	-0.828	-21.771
19.499	25.502	-23.891	45.594	-12.193
-17.196	33.216	21.445	-14.871	-21.193
-37.007	-14.171	-51.644	0.527	-18.490
-17.700	-12.974	-48.280	27.342	-15.688
-31.974	20.995	16.439	-29.399	-16.463
-42.792	19.212	1.421	-21.856	-27.125
-49.242	-10.407	-38.050	-15.771	-31.052
19.177	43.196	2.211	33.705	-19.663
-14.975	-14.799	-56.000	24.585	-14.709
-0.854	47.128	23.333	3.614	-23.695
-22.563	23.077	17.700	-24.869	-22.010
-11.739	-35.097	-25.111	-8.388	-1.397
4.586	47.678	12.795	15.509	-26.416
18.603	25.779	-16.496	41.170	-18.417
-13.905	45.978	18.846	-8.165	-24.578
-11.328	58.398	5.835	23.298	-32.280
17.942	35.022	0.647	34.556	-20.033
-20.177	51.065	10.352	3.145	-39.567
-26.123	-16.243	-48.211	11.580	-18.660
-29.308	-20.024	-54.509	5.762	-20.432
-43.309	37.981	3.362	-11.454	-39.358
-5.247	43.829	19.140	8.782	-26.274
-43.760	27.070	4.041	-17.094	-40.249
-19.058	39.846	23.907	-11.927	-25.043
26.777	27.025	-11.711	38.427	-6.158
-15.638	-14.974	-54.833	23.987	-24.271
18.249	33.961	5.451	31.582	-17.471
8.545	28.945	-26.962	49.922	-22.411
-52.142	1.970	-12.599	-23.568	-30.524
-8.664	-37.341	-31.185	2.953	4.561
-48.973	13.713	-1.689	-22.979	-31.607
21.271	31.906	7.594	24.801	-12.200
17.972	25.614	-33.819	55.359	-26.651
-10.063	31.984	22.002	-13.269	-25.659
-45.872	-8.479	-36.670	-11.252	-32.764
-33.309	-17.887	-50.637	1.887	-23.232
-2.371	-11.561	-51.645	28.458	-13.974
-1.993	42.820	23.805	2.563	-21.220
6.674	47.077	18.666	19.481	-21.087
13.524	4.601	-39.644	47.712	-18.217
19.606	-17.045	-31.677	32.101	-2.198
-45.932	5.864	-2.924	-27.023	-23.910
-23.897	47.293	6.567	2.946	-40.615
-42.759	17.643	10.994	-24.248	-29.391
20.608	31.698	0.571	39.693	-6.905
2.922	-7.132	-46.829	36.178	-12.563
2.603	49.177	19.755	8.156	-21.755
-40.908	-3.506	3.063	-34.916	-12.048
27.657	16.098	-21.995	37.227	1.207
-45.875	-13.392	-30.709	-8.776	-23.010
17.266	9.911	-32.993	48.024	-11.504
-16.858	-19.370	-58.975	19.474	-17.064
-41.619	37.751	2.578	-11.722	-36.884
-34.629	-14.142	-7.352	-30.494	-10.913
25.679	27.779	7.314	34.662	-12.527
5.568	-27.530	-32.632	19.249	5.948
18.434	22.732	-26.835	46.954	-16.925
-48.684	25.797	-3.885	-18.323	-40.915
3.841	48.242	21.077	6.385	-22.878
21.251	25.462	-20.132	48.994	-16.790
-49.320	10.353	-18.123	-21.694	-32.312
-4.895	-34.798	-32.978	8.202	10.899
-0.879	-31.996	-35.526	11.011	5.097
-29.870	-22.582	-53.672	10.989	-23.313
-19.325	46.726	21.183	1.616	-29.885
-24.427	29.522	21.706	-21.722	-25.983
-42.490	-16.358	-38.989	-7.662	-20.581
2.117	55.858	0.451	27.354	-31.584
-13.343	55.058	13.847	20.560	-35.237
-0.224	-11.019	-44.242	33.490	-16.938
-18.559	-16.333	-52.418	21.603	-12.509
13.400	39.800	0.749	35.479	-18.897
2.478	-29.370	-41.171	19.768	4.302
-45.766	-12.390	-36.273	-18.507	-35.005
-16.504	-17.226	-59.655	22.528	-16.488
7.058	35.512	-16.106	49.764	-23.205
-21.166	-32.885	-25.331	-17.971	5.021
-40.756	-15.485	-43.307	-4.141	-26.322
16.132	16.424	-24.081	47.891	-7.839
-41.704	34.682	2.302	-12.856	-44.373
4.616	47.235	13.391	21.524	-18.242
-28.619	35.978	18.110	-17.949	-26.467
-6.347	-35.634	-31.491	-2.082	7.331
-0.177	46.458	24.368	9.701	-24.593
19.576	29.298	-11.769	41.044	-16.730
-18.021	52.173	7.747	9.036	-39.877
11.253	13.576	-41.378	45.967	-20.796
17.702	37.414	-24.396	44.296	-27.185
-29.741	19.968	23.323	-26.749	-23.186
-10.521	46.030	19.554	7.516	-29.373
-49.889	21.183	-3.571	-20.939	-42.773
-43.902	3.919	-7.284	-24.312	-25.166
2.088	-4.401	-48.188	44.404	-16.015
-50.843	-7.734	-22.466	-17.162	-27.001
-34.887	-16.092	-13.877	-22.732	-6.207
-46.590	14.906	2.912	-22.877	-28.831
15.673	12.630	-30.695	43.732	-12.923
-46.511	-8.613	-29.540	-20.319	-25.005
8.520	45.377	-6.412	36.470	-30.811
-54.578	14.931	-11.685	-24.526	-36.945
-28.190	27.579	22.816	-23.412	-19.793
25.238	8.112	-20.414	43.901	2.905
-1.555	49.038	18.069	9.733	-21.018
20.234	23.020	-6.340	40.236	-5.614
-26.043	-25.800	-21.807	-26.209	2.015
-34.344	15.261	12.795	-24.584	-16.836
-49.608	-6.436	-33.855	-13.529	-31.009
10.997	12.270	-40.875	50.154	-19.002
-13.937	37.741	25.730	-4.111	-24.444
-29.538	-17.781	-49.816	15.268	-19.696
-4.933	-3.166	-50.010	44.781	-17.906
-7.838	43.973	20.978	2.468	-21.513
-49.758	11.265	-8.276	-27.292	-34.594
12.922	45.449	7.203	25.227	-23.274
-42.203	21.811	3.840	-23.589	-31.466
-31.365	-21.339	-59.214	7.608	-17.100
23.008	-7.253	-26.537	34.622	7.828
-8.928	-37.456	-30.920	-3.742	3.765
-3.970	60.191	9.326	19.027	-40.606
27.674	15.872	-13.042	40.611	2.628
-36.231	-3.496	-4.885	-28.199	-6.256
-56.549	8.521	-12.988	-20.433	-32.751
-13.104	-35.900	-35.371	-4.542	3.316
-15.911	55.145	10.889	7.921	-41.719
-49.565	0.086	-29.384	-20.465	-37.433
25.539	22.611	-3.076	38.729	-5.174
-34.350	17.159	15.813	-27.263	-19.535
-36.781	-15.769	-46.752	-3.527	-26.562
-15.657	38.203	24.701	-19.702	-20.434
-8.938	-8.310	-54.744	32.050	-11.808
-3.802	-36.670	-32.978	5.048	7.296
-5.078	52.430	25.814	12.103	-25.275
-46.645	22.361	-7.060	-14.163	-32.777
5.672	-31.660	-36.904	9.435	13.844
-17.650	37.942	24.507	-11.800	-20.411
-10.231	49.828	26.035	-1.536	-25.308
6.515	8.611	-42.162	46.771	-20.373
-33.853	-22.089	-16.409	-26.971	-6.944
-54.282	15.885	-13.032	-21.383	-40.856
-7.811	45.364	24.562	4.372	-20.637
17.707	37.197	8.360	25.931	-12.731
-51.559	-5.410	-30.331	-15.682	-32.625
-19.191	38.865	22.474	-5.516	-29.351
-29.447	12.282	12.716	-30.655	-18.550
17.211	24.157	-17.733	47.610	-11.671
-39.865	35.884	4.661	-12.240	-37.190
-34.501	-18.212	-49.406	-0.359	-25.827
14.614	13.553	-31.216	49.406	-13.615
-16.441	-18.483	-52.770	21.465	-18.211
-46.831	5.020	-10.213	-20.688	-27.961
15.872	13.687	-33.341	42.631	-11.085
-51.602	0.475	-20.167	-19.402	-28.972
-5.868	-32.598	-35.203	12.352	9.601
1.440	45.784	21.042	11.321	-28.321
-0.269	-9.311	-48.136	34.334	-15.580
9.923	13.693	-41.577	52.720	-16.579
-4.688	50.946	7.042	26.751	-33.460
7.228	-2.692	-43.362	47.641	-14.951
13.166	27.659	-24.466	46.481	-25.544
-48.275	-3.749	-16.707	-23.115	-30.502
-35.859	2.806	7.321	-29.986	-13.562
11.725	-21.701	-33.517	24.183	3.321
-12.912	44.862	19.282	-1.590	-25.050
-31.618	10.081	15.381	-33.705	-20.763
-5.794	-11.618	-50.527	33.563	-18.545
-5.790	48.891	12.216	16.352	-38.714
-11.828	-12.662	-59.097	28.246	-22.814
-37.199	-19.068	-48.111	-1.537	-24.027
11.902	44.842	15.067	20.641	-19.896
-16.405	-40.140	-29.521	-5.432	4.740
9.341	49.797	-15.604	44.278	-28.455
-34.530	28.439	6.612	-22.805	-33.712
-30.541	43.255	7.829	-4.334	-38.917
26.721	6.877	-16.894	40.067	-1.950
1.512	50.441	-1.415	33.145	-36.427
