-28.006	32.479	20.470	-23.299	-22.354
-35.480	-5.735	26.821	-48.479	-1.483
16.260	-31.930	-45.693	25.249	15.480
11.096	-9.965	-18.490	18.190	1.911
-21.055	35.904	26.597	-16.227	-24.659
-14.932	-29.250	-12.262	-15.728	9.687
32.589	-2.326	-6.289	18.716	17.737
22.295	33.033	-2.184	38.232	-9.311
1.754	47.857	41.983	2.695	-12.693
-14.786	-37.751	-14.694	-17.699	15.521
22.655	-10.222	-6.636	23.463	14.889
-12.003	-29.551	-13.786	-18.010	13.344
-3.507	-43.784	-28.544	-7.898	18.842
12.199	28.614	15.984	6.525	-4.883
23.160	24.790	1.651	34.083	-6.891
-4.502	-42.402	-22.318	-10.980	18.453
2.124	-39.969	-26.342	-8.574	15.445
25.601	-28.275	-34.179	31.606	9.888
-33.827	-29.495	-24.825	-28.755	-9.271
-19.776	27.089	20.794	-24.511	-23.741
-49.658	-18.798	7.520	-47.375	-4.496
13.192	-11.178	-17.191	21.723	7.381
5.646	-17.587	-31.577	18.124	-2.042
-31.432	21.667	24.989	-21.326	-20.165
31.512	-1.399	-3.046	30.365	18.275
-14.844	-33.837	-19.724	-19.108	9.851
4.906	15.070	35.130	-14.428	0.424
-4.711	-43.857	-31.288	-4.407	20.286
-40.072	-20.993	-5.182	-43.844	-6.709
0.824	43.972	44.307	-2.224	-8.672
-36.490	-30.064	-25.545	-27.936	-7.113
-12.930	12.956	36.212	-32.696	3.757
29.957	-14.128	-7.379	19.392	11.094
-17.511	7.864	38.988	-38.188	-0.504
23.151	-33.221	-41.207	30.876	19.956
-30.375	-32.960	-33.188	-15.935	-6.092
10.942	-42.423	-37.241	9.951	18.332
-1.668	20.370	32.663	-18.270	4.407
13.470	-18.531	-19.342	17.871	8.869
11.811	46.751	42.693	0.705	-12.752
21.781	-26.362	-41.333	38.167	16.505
-38.115	-35.542	-38.056	-19.238	-4.798
15.482	30.290	7.528	25.556	-11.314
26.325	-8.510	-9.952	25.178	7.762
-34.728	-3.446	21.771	-46.313	3.870
-19.985	-28.504	-10.795	-20.683	6.396
-27.299	13.643	17.222	-21.967	-14.735
32.639	2.350	-30.333	46.355	5.137
-42.699	-12.604	5.538	-52.168	-5.377
11.046	22.375	24.601	-3.745	-4.093
24.595	44.231	36.645	17.955	-1.464
4.471	-13.001	-27.550	18.569	-0.344
-22.588	-7.452	-6.457	-19.040	-1.612
-21.758	-2.623	-0.504	-26.837	-9.106
-12.174	-30.280	-10.099	-16.623	13.878
-3.489	-22.902	-27.908	15.570	1.061
42.691	9.738	10.142	29.169	9.172
0.153	22.516	30.287	-0.259	-5.409
7.637	22.581	23.418	2.449	-0.178
2.351	-17.452	-22.165	12.542	4.509
34.014	7.169	-21.457	51.390	3.986
-28.368	1.767	6.461	-21.298	-13.309
-10.075	43.719	36.329	-8.339	-22.088
9.404	47.124	41.112	-0.004	-13.772
-11.092	-34.698	-12.562	-14.516	12.952
-20.984	44.219	35.447	-13.234	-15.634
11.336	-16.965	-27.849	19.072	2.800
-41.167	-22.640	-7.474	-44.749	-8.606
-29.526	28.463	21.637	-21.112	-22.669
9.490	-9.109	-20.839	16.451	2.592
13.724	48.974	42.271	8.102	-10.326
-39.775	-18.173	2.708	-48.506	-5.270
47.980	21.195	21.011	26.792	12.352
29.368	25.629	-4.552	38.273	-1.975
-20.587	35.385	29.293	-20.279	-18.397
-45.081	-21.138	-2.147	-48.631	-6.658
30.083	-20.961	-43.046	31.567	10.167
42.647	22.798	19.042	25.878	8.797
32.652	43.167	26.072	21.551	0.560
-9.388	41.634	41.004	-12.505	-17.550
20.413	26.826	7.494	26.765	-13.831
-13.301	-22.444	-10.392	-14.332	4.792
28.718	-21.537	-34.014	42.271	12.382
28.631	21.390	-6.646	40.254	-1.514
28.572	25.131	-3.653	38.772	-2.775
-41.129	-13.007	9.488	-44.303	-4.873
-37.214	-7.931	18.361	-46.239	-1.542
-22.374	-17.466	2.806	-18.703	1.612
-11.298	-34.543	-13.455	-17.168	8.361
31.560	14.051	-12.952	41.964	-1.741
18.040	-9.666	-17.490	21.334	6.462
26.743	-28.887	-46.717	34.547	9.641
-11.321	-31.655	-8.986	-27.058	6.885
5.201	-51.834	-31.279	-0.370	21.683
16.517	27.724	-2.673	27.494	-8.222
9.500	26.995	8.696	11.753	-14.120
40.039	7.673	11.739	30.808	15.016
22.407	28.195	4.807	36.053	-11.931
-25.957	22.712	18.086	-18.681	-26.202
-17.768	-16.495	-5.479	-25.335	2.277
14.666	26.128	10.648	17.680	-11.886
-2.694	-48.867	-26.866	-0.045	16.969
-21.385	-9.000	1.082	-24.899	0.162
-28.716	16.653	16.283	-25.793	-24.422
-14.052	40.647	40.029	-20.233	-17.709
-0.612	-50.068	-31.863	-1.837	16.541
-31.015	8.651	4.539	-18.266	-10.527
17.492	-32.545	-43.405	24.614	18.043
-2.376	44.911	42.018	-2.369	-18.179
-11.240	-32.850	-10.773	-24.627	8.714
-27.913	8.532	8.413	-18.590	-15.525
27.612	-1.118	-3.034	24.397	10.348
-3.094	50.341	42.611	-0.547	-17.361
-16.276	-9.842	-0.269	-25.663	-0.059
-26.020	9.854	8.352	-22.021	-19.964
21.890	-32.285	-41.121	24.034	13.592
-6.814	17.853	37.309	-20.734	6.031
29.973	-6.240	-27.536	46.548	4.548
2.564	-20.900	-30.624	13.874	-0.177
36.505	33.038	28.587	30.408	6.711
-37.227	-34.721	-31.856	-19.164	-3.618
-14.251	-27.561	-38.668	5.658	-2.784
3.252	20.230	29.129	-12.608	-0.223
-3.691	51.832	44.861	-7.258	-18.077
-8.506	41.923	34.896	-16.981	-15.513
35.187	34.371	26.131	24.424	9.750
10.078	45.018	42.350	-1.903	-8.926
-23.809	19.943	24.952	-22.766	-18.768
-22.583	-8.681	-1.809	-22.105	1.241
22.270	-7.724	-10.475	23.813	12.127
-18.499	5.530	32.931	-42.588	-3.282
25.398	18.215	-8.296	36.793	-5.099
17.358	24.857	16.998	13.327	-7.041
6.515	22.025	15.992	6.812	-0.675
15.933	-40.081	-38.411	22.959	20.368
41.426	12.174	13.573	28.120	16.880
34.443	8.693	8.575	28.047	15.964
-2.297	-17.480	-27.524	13.489	2.492
-17.317	-24.200	-7.891	-20.058	-0.623
38.777	30.762	23.777	22.103	5.237
-48.636	-23.559	-9.844	-41.388	-3.184
-42.593	-36.861	-27.979	-22.495	-3.319
32.601	1.005	-23.142	44.372	7.726
25.079	48.737	40.918	10.297	-6.664
-29.325	-7.094	-3.365	-22.403	-12.339
-28.759	3.066	29.539	-46.639	-1.110
-1.756	21.263	38.935	-16.347	-1.263
-35.410	-8.057	20.503	-49.150	-2.539
-16.387	-5.039	2.084	-20.987	-3.263
25.479	21.429	-12.971	42.577	1.259
-15.976	-31.699	-18.744	-21.476	10.169
-25.166	30.117	26.416	-22.228	-27.308
31.321	-13.806	-34.265	43.166	11.458
29.992	40.426	38.899	13.021	-3.058
16.785	23.883	7.621	27.886	-13.227
-25.864	-4.577	0.191	-23.426	-11.067
-6.119	-47.707	-25.989	-12.680	18.336
39.691	24.795	19.838	23.244	10.735
10.187	-14.214	-18.150	19.733	6.558
-4.077	-15.927	-34.803	8.486	-1.946
-42.027	-20.541	7.618	-47.814	-1.707
34.972	3.705	-2.209	23.260	14.093
-29.562	9.668	9.376	-19.788	-20.691
24.462	27.502	5.014	26.971	-7.090
-21.949	34.816	30.470	-17.225	-18.041
1.017	-20.005	-31.884	13.832	3.030
34.094	35.085	23.947	22.928	4.353
24.914	-20.807	-33.346	43.762	6.820
-23.599	-1.593	-1.919	-22.257	-8.005
30.779	38.047	30.309	14.983	7.406
33.609	7.567	0.206	21.309	9.085
6.160	22.179	21.702	5.669	-1.942
-28.617	14.863	14.869	-26.289	-17.699
-24.692	28.663	25.341	-24.266	-21.428
-11.918	12.942	35.449	-24.408	0.025
-27.886	7.227	5.971	-20.710	-21.239
-19.767	12.553	38.016	-38.795	-3.014
1.483	21.362	24.264	0.853	-1.488
0.522	-39.170	-27.915	-4.396	17.113
-20.578	-10.465	-0.259	-26.026	-9.348
-34.069	-2.890	21.452	-44.698	-1.913
9.072	-39.862	-41.030	21.578	19.806
39.449	25.169	26.223	25.725	13.512
-14.776	-28.570	-18.687	-20.692	9.236
-18.252	-28.001	-5.184	-22.511	5.640
37.576	14.506	13.462	23.796	11.967
-36.867	-14.420	11.799	-49.966	-7.282
7.338	-19.561	-26.891	22.351	0.025
30.055	12.794	-16.309	39.273	-5.376
-43.063	-30.882	-20.441	-30.684	-6.111
-27.158	23.126	17.177	-22.773	-20.675
-16.112	-27.160	-10.250	-20.482	11.728
-21.496	11.107	35.451	-40.087	-2.094
-42.903	-18.533	9.774	-53.101	-4.881
3.464	-46.898	-30.029	-1.034	16.095
-16.850	-25.635	-37.978	6.684	-0.243
-19.629	39.882	38.259	-19.624	-21.305
46.007	13.723	11.521	23.204	11.503
-15.661	-35.334	-15.945	-15.672	14.430
-45.686	-18.401	2.880	-51.302	-9.459
23.852	-25.174	-36.935	35.249	10.797
-31.263	-32.754	-41.476	-11.302	-4.052
-41.292	-16.255	3.742	-49.118	-4.494
-13.632	30.166	33.039	-19.675	-16.590
0.508	-47.475	-30.589	-3.187	20.561
15.650	-9.713	-19.192	20.337	3.354
-15.538	-35.464	-10.110	-18.939	6.958
-25.080	-36.513	-32.957	-9.105	-6.018
-33.833	-29.789	-34.647	-16.126	-3.706
32.097	-2.563	-29.691	45.371	3.724
-30.181	4.472	1.312	-25.981	-7.014
-21.724	-4.174	-0.632	-19.179	-3.475
6.862	19.336	29.891	-9.524	1.387
31.908	5.733	1.017	30.987	15.029
9.264	27.647	14.035	9.161	-8.918
-19.079	-26.812	-12.383	-19.270	8.745
-48.562	-22.448	-12.883	-41.189	-6.226
14.907	-13.069	-16.893	21.743	-1.635
25.453	16.157	-14.818	47.298	-2.209
-22.574	2.650	30.809	-42.252	3.596
-33.989	-6.274	20.055	-46.426	-2.159
-9.028	8.927	38.761	-29.071	-6.130
35.858	-1.120	0.110	28.323	14.165
-27.009	27.738	22.521	-22.689	-19.243
13.306	28.407	9.653	24.610	-10.168
-12.528	10.465	44.351	-33.456	5.816
-21.067	-4.712	-7.428	-22.117	-9.068
30.607	-2.970	-36.620	49.541	7.262
-24.343	-32.576	-35.730	-0.550	-7.702
-44.926	-25.085	-0.982	-43.542	-3.470
34.703	8.255	-17.091	53.793	-1.085
-4.843	-16.999	-35.695	11.792	1.649
-42.955	-24.922	-2.039	-45.845	-5.017
32.337	0.105	-0.674	21.291	19.859
-8.417	13.788	32.695	-35.011	-7.919
46.248	26.957	20.110	26.878	12.803
-37.998	-33.754	-24.533	-28.125	-1.423
-4.758	17.486	36.029	-29.553	-0.606
19.673	-40.324	-38.557	24.142	22.814
11.450	22.226	15.835	9.521	-10.828
12.627	27.593	16.117	17.299	-6.014
5.032	-55.568	-31.094	0.196	18.865
-21.819	-9.226	5.832	-26.611	-2.068
12.060	24.577	7.095	19.444	-13.566
-11.177	-21.509	-33.077	7.356	-4.301
-11.042	-28.578	-7.011	-21.389	9.638
33.020	15.090	-13.559	44.298	-5.240
-16.949	-22.506	-8.922	-22.258	6.460
-40.133	-34.804	-29.801	-31.484	-8.496
32.577	10.707	-12.129	49.694	1.158
26.106	-20.716	-36.764	39.317	12.400
13.227	49.412	43.119	-0.406	-7.909
-21.743	-13.959	-4.146	-26.500	0.102
-21.809	-3.321	0.765	-24.750	-2.445
40.890	17.739	14.525	20.891	14.581
-26.327	24.895	20.337	-30.482	-16.894
31.885	-10.541	-32.588	47.494	8.745
17.254	22.745	2.978	22.452	-8.572
-27.404	19.160	15.562	-21.139	-18.810
27.835	-0.712	0.596	30.077	12.065
13.223	-12.452	-21.376	20.306	12.588
9.010	21.760	21.049	-2.110	2.417
17.183	52.613	42.092	-0.719	-9.341
30.194	45.018	40.993	14.458	-6.083
-18.189	10.553	35.761	-43.415	6.318
-10.337	-45.165	-19.583	-13.900	15.234
37.180	20.722	25.793	26.864	10.107
-12.666	41.097	36.237	-10.843	-16.007
-26.805	3.425	30.395	-44.309	-0.032
5.990	-16.502	-23.611	14.782	-1.644
32.192	0.288	-1.419	27.064	10.846
8.179	-39.063	-29.059	3.169	22.010
-25.059	-3.671	4.408	-15.623	-4.901
18.483	29.668	4.035	27.163	-6.448
-21.116	-29.743	-42.116	-1.050	-10.582
16.834	-32.477	-42.265	30.659	18.420
-25.184	4.033	1.599	-21.143	-14.113
-13.254	11.530	35.614	-30.674	-0.919
18.481	47.723	43.672	6.081	-13.996
14.409	28.424	7.489	20.408	-10.568
-3.422	-16.866	-34.583	13.162	2.167
-26.723	-30.656	-32.666	-13.500	-6.172
3.517	29.147	14.875	4.817	-5.667
-29.720	-0.618	0.946	-23.625	-16.998
-8.643	11.360	38.009	-31.665	3.004
-41.642	-32.280	-27.354	-25.636	-7.445
-28.547	24.196	21.951	-22.781	-19.711
-2.593	-43.225	-30.630	-7.649	20.069
28.225	-12.124	-29.619	46.361	6.963
-22.627	39.761	33.385	-16.288	-22.854
-7.892	-18.390	-33.648	10.140	-7.265
31.379	-2.076	-10.559	23.489	15.452
24.349	-33.185	-42.860	28.963	19.556
-46.596	-22.625	-6.570	-42.913	-9.480
25.274	-8.965	-13.087	22.644	8.397
7.290	-46.558	-37.931	12.472	12.192
29.582	-27.153	-43.372	39.031	10.810
0.241	-49.377	-26.721	-2.124	15.222
32.105	2.422	-27.264	48.175	-2.188
48.250	16.956	11.433	29.596	9.286
-38.048	-14.858	5.083	-46.056	-6.682
9.486	46.417	41.628	-5.840	-12.359
13.214	-11.483	-22.356	12.379	-1.101
34.124	-13.338	-27.489	44.156	8.763
-45.773	-22.691	-18.699	-37.013	-3.163
40.723	5.518	-22.551	48.880	-1.805
-39.344	-30.798	-22.465	-31.320	-1.155
33.653	30.259	20.723	29.761	2.894
-12.139	-34.274	-15.641	-19.108	8.969
21.811	49.342	45.690	11.707	-9.086
2.538	-42.884	-31.140	-4.029	14.313
-27.517	-1.152	24.539	-49.229	5.710
11.959	23.113	23.537	5.544	-3.331
0.705	46.295	36.333	-9.558	-15.866
-9.757	-32.071	-13.388	-19.085	15.388
17.881	29.790	7.674	25.462	-0.411
26.813	18.019	-11.496	41.464	-7.357
-40.059	-36.304	-31.196	-27.406	-4.681
13.342	-38.688	-36.156	12.504	22.477
-31.384	-27.878	-37.490	-18.129	-2.924
-24.956	10.994	11.184	-26.456	-16.708
35.951	-0.553	1.914	21.450	15.406
19.047	24.525	9.421	17.933	-8.358
12.462	-41.558	-35.136	14.588	21.521
-16.622	-24.273	-6.118	-22.777	2.053
-31.727	-34.573	-31.936	-25.014	-6.972
42.640	28.179	21.677	23.311	7.455
-30.438	-7.609	19.216	-48.143	-2.244
33.303	-9.799	-32.421	46.222	2.578
25.702	-3.988	-1.423	24.925	15.843
-21.308	8.558	29.065	-35.964	-2.178
34.475	34.516	34.178	21.168	7.287
13.278	49.351	38.104	7.763	-10.524
-27.590	15.505	6.966	-19.021	-13.927
9.691	25.087	30.478	-11.599	-3.345
-35.500	-32.396	-31.138	-20.550	-4.284
-38.870	-30.820	-27.325	-28.281	-7.778
17.329	30.416	12.540	27.217	-6.602
-1.428	-43.141	-27.265	-11.151	14.606
-39.338	-6.671	23.107	-53.276	0.141
-16.309	-29.231	-38.388	1.822	-1.529
-5.878	-44.473	-22.512	-11.800	18.136
38.350	3.646	5.400	29.803	17.513
-0.983	53.117	39.473	-10.733	-12.903
-37.843	-15.162	12.095	-47.423	-2.012
4.571	22.490	26.061	2.538	-2.287
13.447	46.217	43.763	4.456	-11.580
21.888	26.521	4.173	31.836	-4.477
2.322	22.648	31.979	-12.512	-3.929
-48.382	-26.786	-15.719	-45.574	-5.674
0.124	-44.793	-29.331	-8.029	20.394
-18.110	-18.360	-3.011	-22.515	1.044
-1.466	-15.164	-26.829	14.682	-2.462
-2.519	48.632	45.459	-8.544	-20.630
-9.557	-43.103	-24.675	-14.929	18.101
14.902	46.990	42.159	4.557	-4.179
24.019	-34.415	-44.895	33.616	17.923
-1.251	-41.523	-31.357	-2.257	19.092
21.632	-37.778	-39.877	24.706	18.795
1.643	-14.711	-37.057	16.021	2.693
4.679	-46.177	-41.866	10.120	16.073
25.292	-23.539	-36.880	41.202	12.112
8.970	-13.809	-22.038	17.674	-0.363
12.831	26.344	24.190	1.020	-2.772
-12.168	-35.085	-17.874	-23.452	12.676
10.120	-44.125	-35.526	6.495	17.479
34.677	4.059	5.764	29.486	19.209
19.908	26.667	-2.832	32.460	-9.111
17.867	31.619	4.677	21.323	-6.629
-30.859	-4.863	21.254	-42.976	-4.178
-16.630	13.530	39.985	-31.841	3.574
37.011	-3.137	-26.791	49.150	5.864
42.150	27.062	15.853	37.094	14.148
-15.519	-24.422	-8.390	-20.017	13.815
12.674	22.525	18.636	13.637	-5.461
20.988	46.616	51.647	13.063	-1.107
34.601	35.721	33.134	23.104	5.107
-16.464	-25.253	-6.731	-20.877	7.033
-34.859	-34.176	-32.340	-19.531	-6.831
-6.726	-45.110	-26.505	-14.222	18.022
17.389	28.857	11.961	28.194	-12.825
29.179	44.550	37.871	15.761	-1.281
20.337	43.857	46.317	13.128	-4.118
0.098	21.241	36.857	-22.503	-3.961
15.844	-11.045	-21.317	15.946	4.857
-22.120	10.566	31.845	-35.900	3.469
-23.665	-6.993	2.737	-21.247	-2.574
46.148	21.290	22.545	33.539	11.281
-22.970	8.227	9.913	-29.667	-13.044
25.241	-24.720	-41.453	30.734	19.156
2.380	-44.893	-32.457	-0.145	15.854
18.215	47.318	42.668	7.029	-10.576
-15.174	-36.622	-18.985	-15.690	13.211
-43.459	-21.044	5.766	-45.624	-4.205
19.509	-8.266	-9.664	20.761	15.874
-30.336	-2.719	1.421	-25.324	-7.449
44.723	24.179	30.313	20.559	9.523
3.318	44.972	37.443	-7.907	-16.502
-18.384	-30.264	-7.724	-21.960	13.433
20.662	-11.971	-13.877	15.691	11.979
11.018	-5.789	-24.799	20.401	3.641
-40.917	-16.247	7.928	-50.351	0.575
-22.763	5.643	29.584	-44.024	-1.501
11.716	-12.955	-26.582	16.445	8.561
20.087	28.161	13.870	18.319	-10.187
-6.023	-47.483	-26.217	-8.236	14.191
-7.063	-32.996	-6.345	-16.573	8.611
-12.070	9.547	37.522	-23.186	-7.107
6.379	54.202	39.011	-0.165	-12.596
34.567	10.728	-23.952	45.831	6.466
-1.034	42.921	39.853	-3.644	-15.366
5.864	23.732	10.984	9.400	-9.068
-25.702	15.705	18.895	-19.259	-14.567
24.718	25.754	-2.627	39.768	-8.331
9.863	47.704	39.044	2.176	-9.412
-26.172	28.524	27.815	-22.946	-25.143
35.604	7.958	10.482	24.919	9.867
44.033	17.734	23.136	26.614	8.894
31.830	13.958	-22.531	44.472	-4.362
19.446	-14.558	-16.539	17.327	7.102
-4.347	15.146	36.732	-22.102	-5.025
-20.987	35.932	32.314	-9.080	-20.703
-13.057	16.860	40.384	-28.087	5.156
-29.528	25.103	18.237	-19.943	-15.918
6.861	-46.636	-34.135	5.449	18.450
-23.962	1.961	34.563	-42.848	0.929
-26.444	-10.168	-1.109	-27.764	-8.364
20.682	-33.577	-39.559	25.126	16.058
30.108	7.440	-18.180	43.961	4.581
7.453	19.678	36.673	-5.553	4.548
-29.010	-10.541	-1.602	-19.704	2.660
9.404	-36.859	-41.971	11.394	19.791
27.882	-14.991	-39.750	43.299	13.861
38.803	37.620	29.253	18.628	1.598
-20.252	38.196	28.963	-16.350	-24.653
-21.226	40.778	31.784	-13.991	-25.275
-24.998	-31.683	-43.065	-2.062	-4.700
-40.818	-18.552	3.051	-50.453	-3.246
16.049	24.761	10.574	29.516	-8.728
-15.415	-26.169	-39.109	3.906	-5.475
-22.463	1.752	5.153	-21.282	-5.070
-42.520	-25.323	-0.620	-41.046	-7.572
-20.817	-31.238	-39.273	-2.515	-2.462
-11.066	43.574	36.946	-10.711	-12.063
31.904	35.822	33.409	24.787	4.560
-18.491	-31.448	-44.684	0.407	-8.179
1.374	12.400	34.439	-16.506	-2.040
-23.068	-31.012	-39.521	2.324	-0.614
-29.068	0.826	6.035	-25.827	-11.246
26.634	7.509	-27.356	48.333	5.307
22.428	-15.671	-20.460	15.124	15.507
29.292	-15.985	-30.022	38.378	11.530
-16.057	-30.202	-3.441	-18.955	5.293
-17.238	-21.900	-7.420	-23.478	7.007
-15.113	-27.167	-15.365	-21.289	4.718
0.588	18.427	32.886	-29.345	0.602
-5.948	14.794	36.385	-21.981	-1.620
-30.648	-2.600	26.588	-42.103	-4.410
-20.776	-31.948	-40.903	0.732	-8.788
15.930	23.344	8.348	23.705	-6.519
-0.493	50.722	45.023	-5.261	-10.539
38.120	30.595	27.013	27.410	1.129
-9.139	-21.294	-34.866	7.328	-2.026
43.666	16.803	17.445	28.792	8.723
-31.403	2.547	29.886	-48.518	-7.952
-36.365	15.676	15.956	-26.282	-20.966
-31.709	6.137	3.547	-27.355	-12.124
-1.601	-42.846	-28.748	-2.971	18.381
22.212	-9.515	-13.245	19.946	12.870
27.788	28.040	-6.521	34.544	-3.865
-43.022	-23.689	-9.832	-41.562	-5.722
-1.952	26.427	25.458	0.192	-2.381
-28.066	29.773	22.331	-22.266	-17.163
-10.398	41.480	37.833	-17.386	-13.666
14.225	-14.472	-19.772	13.918	0.151
15.323	46.685	40.499	7.495	-10.130
6.790	17.907	32.410	-8.952	-2.272
-18.625	-23.005	-2.270	-27.699	6.907
14.253	-13.931	-11.693	16.782	9.714
-24.981	1.442	7.991	-22.546	-9.313
-26.814	-1.622	26.296	-49.560	-0.905
16.769	26.119	12.475	18.773	-10.820
18.037	-14.394	-24.193	17.839	6.783
20.097	21.642	-2.556	40.388	-4.355
7.461	-41.338	-32.531	6.863	18.542
-0.543	-20.775	-31.448	13.261	5.515
-31.109	-30.676	-37.981	-13.206	-7.856
-24.899	5.730	30.658	-42.974	0.779
11.993	19.520	18.722	5.089	-3.723
-10.599	43.207	45.643	-12.756	-15.944
1.045	16.686	29.081	-12.853	-0.103
34.054	13.620	-16.023	45.165	-6.003
10.017	27.650	18.151	1.141	-1.831
-6.248	-24.133	-38.417	11.080	-3.352
38.353	8.728	-20.673	45.433	3.727
10.852	28.871	14.067	9.682	-5.558
-16.797	16.186	38.756	-30.162	2.647
-4.757	-40.865	-17.569	-16.045	18.106
3.819	20.144	36.413	-8.588	-3.716
-46.911	-31.363	-19.090	-31.975	-3.890
-46.774	-26.536	-18.633	-35.177	3.559
-43.024	-13.493	15.793	-50.731	-5.528
32.141	42.817	34.007	19.966	4.851
-36.040	9.968	3.980	-23.707	-16.825
0.030	-40.711	-23.424	-15.685	16.388
-25.611	-15.048	-0.506	-21.637	-2.915
-2.461	-46.137	-25.684	-14.759	14.750
11.094	28.597	16.444	10.621	-7.103
-10.067	-30.893	-39.012	4.445	-4.263
-11.480	-29.446	-36.130	6.071	-2.953
-8.743	-42.419	-21.122	-15.898	15.829
-26.931	-3.589	0.362	-24.612	-11.612
-41.651	-25.504	-10.339	-43.307	-3.811
-30.222	11.843	10.168	-18.280	-16.414
-28.813	27.119	25.392	-20.853	-23.477
6.543	24.013	26.704	-3.102	-0.524
12.887	-11.979	-19.465	16.634	7.019
-22.900	23.661	19.837	-20.798	-18.039
-13.935	36.946	37.879	-16.654	-16.646
-41.210	-26.756	-23.131	-33.455	-8.273
34.899	-14.137	-30.247	40.413	10.096
-27.123	-4.166	0.905	-20.295	-7.847
-40.857	-16.301	8.859	-42.996	1.127
42.885	16.752	10.879	27.964	9.645
-14.839	-25.169	-12.716	-18.638	6.636
41.217	14.480	13.486	29.114	16.736
14.997	28.970	13.408	19.976	-3.851
-42.191	-10.620	9.793	-48.477	-6.846
-43.560	-15.561	11.009	-49.070	-2.568
8.477	-12.894	-22.707	22.964	3.273
5.287	-18.110	-26.010	16.584	8.102
25.851	-4.612	-5.285	21.427	12.887
2.347	52.036	46.025	-2.339	-13.727
20.109	-27.491	-42.641	34.523	16.710
-31.454	21.478	18.819	-24.124	-16.668
-11.208	-24.199	-35.713	2.735	-3.801
-9.982	7.759	38.647	-33.695	0.739
-17.280	8.664	36.693	-39.285	0.119
23.760	-38.524	-43.247	26.210	13.603
-45.334	-22.579	3.483	-41.349	-0.399
12.536	27.017	17.021	14.408	-6.042
35.208	-9.318	-40.310	43.371	10.805
2.758	-47.078	-31.386	6.191	18.860
-43.827	-29.859	-17.104	-28.204	-7.627
16.756	23.816	7.283	27.521	-10.919
23.107	44.555	36.809	10.953	-0.732
0.210	20.452	28.274	-15.069	-2.390
39.230	27.525	20.451	25.700	5.474
-35.773	-11.358	20.050	-50.104	-4.972
-43.465	-31.830	-23.833	-36.837	-2.375
22.054	-20.359	-39.775	35.366	13.331
-20.898	0.955	4.192	-23.737	-7.052
24.239	27.904	-0.834	33.480	-12.382
6.243	22.259	22.661	-7.437	3.550
18.878	-12.633	-15.546	19.004	11.427
-10.937	-25.973	-5.728	-22.661	3.327
27.211	24.893	-4.239	35.593	-7.642
-10.910	-22.135	-7.796	-20.835	11.006
-11.762	-35.837	-17.861	-11.079	14.678
0.740	20.418	29.735	-19.399	-7.308
-29.169	16.790	6.710	-22.009	-15.363
20.436	25.993	2.797	30.942	-6.762
29.210	-8.696	-2.586	24.366	14.535
34.023	8.238	8.676	31.565	17.698
-33.902	-3.122	22.830	-50.783	-4.257
13.515	26.509	8.037	15.831	-9.925
-27.345	-36.891	-37.332	-9.514	-3.688
-8.081	-34.511	-18.734	-16.658	14.442
-1.633	-43.567	-33.146	-0.208	21.315
2.646	51.273	43.260	-0.530	-14.689
17.244	31.923	5.194	23.529	-6.259
-41.518	-31.378	-27.996	-24.695	-2.533
-16.269	-23.422	-6.739	-23.484	6.897
22.635	-7.602	-4.095	23.226	13.182
-40.941	-31.753	-22.665	-15.778	-7.046
-7.953	41.200	34.892	-15.449	-23.341
-42.512	-15.692	5.005	-47.819	-1.728
-10.443	-22.787	-38.035	8.766	-7.566
9.220	-48.622	-38.161	17.270	19.924
14.843	-14.062	-15.561	25.024	12.235
-17.730	-17.969	-8.947	-24.506	0.268
-9.882	-22.204	-36.674	5.313	-1.373
-0.223	-41.624	-27.568	-3.454	21.494
-13.925	-25.787	-8.212	-15.458	11.125
-31.989	5.641	6.183	-24.332	-10.365
-7.334	-34.809	-5.742	-23.091	12.674
11.746	-45.509	-41.323	13.201	20.602
-24.911	15.316	7.357	-20.935	-17.752
21.464	19.951	3.535	37.008	-6.967
15.262	-42.675	-34.392	16.948	20.354
14.462	29.508	12.422	17.077	-10.464
0.490	21.527	23.824	-2.346	2.380
15.335	24.670	6.826	23.222	-5.906
21.235	25.785	2.935	34.819	-10.591
-15.401	43.655	40.230	-13.601	-20.413
-42.872	-16.867	-3.212	-45.500	-7.979
-27.268	15.119	18.831	-20.953	-16.441
-34.966	-32.601	-30.087	-22.662	-3.222
-30.695	0.033	20.120	-45.844	-7.631
3.019	22.692	29.653	-3.163	-5.425
-15.232	-20.351	-6.275	-16.644	8.617
-1.503	-20.801	-32.393	16.815	-3.024
-8.326	-43.750	-29.461	-3.390	22.499
27.954	-6.124	-9.460	17.771	12.476
-17.241	10.430	34.170	-39.951	-6.041
-35.485	-9.139	18.154	-42.271	-2.762
21.642	50.694	40.358	9.275	-9.047
20.944	43.850	40.236	12.206	1.225
-26.808	3.944	28.456	-43.287	-2.042
9.501	24.108	18.754	8.320	-2.824
22.997	-7.904	-8.751	23.985	13.889
-3.991	21.255	29.467	-26.858	-3.285
-26.773	25.440	23.173	-22.809	-22.469
33.684	35.537	32.929	24.526	6.966
12.671	47.385	42.505	10.211	-2.144
-7.419	-48.791	-21.221	-7.502	15.364
0.374	18.944	27.166	-10.092	5.110
10.791	-43.342	-39.788	6.221	16.560
32.146	-18.063	-31.000	42.754	15.332
-10.254	40.027	44.828	-13.653	-25.925
-36.958	-31.211	-33.201	-21.655	-7.345
-27.802	2.859	-1.398	-26.113	-15.320
4.110	-15.779	-18.840	18.090	1.669
-41.131	-17.877	10.264	-52.001	-7.255
41.121	8.196	11.373	26.757	8.987
27.210	25.215	0.368	41.802	-8.409
19.802	25.662	6.877	26.998	-5.709
-5.223	-19.037	-35.912	13.082	1.422
-41.411	-31.839	-19.932	-29.548	-6.882
26.967	-27.432	-38.789	35.436	17.319
-19.654	-13.996	-0.904	-21.250	1.413
-20.027	-19.981	-10.889	-23.713	-2.027
-20.628	-21.057	-1.959	-19.550	0.995
30.086	-7.860	-35.828	41.325	8.381
-9.280	-30.926	-3.721	-18.796	9.726
-26.294	13.556	8.743	-26.619	-16.367
-32.304	-2.212	24.320	-44.622	-3.085
-1.483	-46.227	-24.051	-8.042	19.498
-26.785	0.362	3.870	-25.335	-8.558
26.368	25.717	-5.720	39.610	-4.367
-14.569	-7.763	-6.454	-23.408	1.724
23.692	19.259	-6.070	41.461	-11.173
-9.804	-33.588	-13.946	-22.133	6.954
30.248	3.846	-22.022	52.150	4.408
-23.161	-29.256	-35.799	-0.086	-1.416
27.607	-23.858	-35.062	33.864	15.927
-20.107	-27.545	-36.451	0.608	-4.180
2.525	15.483	34.218	-15.395	-3.463
-16.959	-15.282	2.751	-19.947	1.550
-8.166	-45.365	-28.975	-1.252	16.327
-1.173	-23.256	-37.464	6.920	3.659
-21.030	37.689	27.333	-18.036	-16.926
-8.480	49.365	40.078	-14.208	-19.952
9.087	27.191	15.313	11.528	-6.803
0.681	28.047	27.750	-10.409	-2.329
5.469	-45.714	-36.944	13.338	18.306
-26.465	-14.032	0.288	-22.941	-3.071
-38.906	-10.229	18.087	-47.584	-5.575
7.830	-18.734	-18.760	18.712	6.041
31.400	-0.635	-5.824	18.424	13.872
25.161	-9.119	-15.622	13.419	12.678
24.493	-2.723	-12.773	20.669	16.506
20.601	-28.763	-45.995	29.074	16.270
32.421	-6.403	-36.664	42.933	6.388
-16.406	6.676	35.226	-39.600	-4.681
-22.600	13.575	35.065	-31.504	2.673
-20.279	-25.844	1.677	-18.246	3.335
-40.728	-30.883	-27.210	-20.527	-0.455
25.531	52.965	36.589	16.194	-7.414
-18.919	-24.476	-11.159	-19.859	2.438
14.399	31.140	5.095	28.589	-3.938
32.376	-4.379	2.254	29.061	12.499
-17.526	40.917	31.673	-16.027	-22.453
-7.524	-23.496	-34.104	10.116	-1.536
34.675	5.984	1.005	31.837	16.618
5.550	23.861	10.322	7.483	-1.339
26.068	-12.818	-10.866	21.618	8.935
-46.489	-19.608	5.060	-40.672	-12.152
14.178	-6.934	-16.089	25.026	5.863
21.504	23.464	-4.015	36.113	-1.210
1.697	47.626	47.601	-5.973	-15.445
37.420	4.597	-23.419	48.453	-0.148
-33.002	6.909	6.152	-22.355	-13.385
-2.138	23.935	32.140	-11.971	-0.891
-0.644	-39.800	-22.784	-3.521	14.775
-28.969	14.194	14.375	-19.277	-14.518
-0.011	-13.415	-24.272	10.433	2.308
26.943	45.102	33.986	14.167	1.319
-23.193	28.697	22.656	-21.552	-24.216
44.657	8.282	13.063	32.533	11.366
-12.031	-42.402	-21.856	-17.262	13.894
30.949	5.553	-25.326	47.177	1.164
-26.845	18.411	15.196	-27.725	-15.561
36.903	31.622	33.705	22.199	6.936
5.745	19.858	17.221	0.702	-9.379
31.380	41.072	33.257	18.428	1.127
-31.719	-1.204	28.233	-41.893	-3.519
16.342	29.577	9.252	26.345	-10.084
-20.172	-23.317	-6.922	-24.248	8.754
-25.166	6.946	36.384	-41.389	5.882
-19.112	41.206	30.694	-19.113	-18.428
33.396	37.008	32.170	22.257	1.590
34.601	8.172	-25.551	48.727	5.495
-9.153	40.872	32.121	-15.209	-18.943
13.818	-42.559	-38.454	13.891	16.376
-7.670	-21.308	-32.854	5.912	-2.015
-22.553	-5.555	-0.668	-23.845	-2.351
-1.867	45.816	43.858	-2.427	-11.190
30.438	16.947	-18.212	46.747	-2.049
-16.901	-24.477	-8.188	-15.614	5.006
-14.805	-32.149	-18.364	-14.206	12.171
-30.199	-28.094	-40.238	-12.773	-5.267
3.324	25.369	24.889	1.431	-8.472
-30.728	23.760	19.801	-27.663	-16.073
-12.150	14.834	31.438	-27.041	0.555
13.463	25.019	12.975	9.243	-7.814
-21.423	-3.084	4.125	-29.632	-5.914
-10.831	-34.194	-8.030	-13.374	8.788
-11.288	45.964	38.274	-7.950	-16.741
-25.845	0.017	0.604	-28.366	-3.219
29.195	-14.304	-7.169	27.542	13.966
-15.876	9.146	42.557	-32.940	-0.672
-22.647	-32.619	-36.699	-0.486	-3.301
3.284	17.317	28.475	-15.913	0.860
42.445	12.181	19.271	30.447	7.896
-14.698	-38.078	-17.910	-23.734	8.847
12.743	20.949	17.935	11.039	-7.334
-35.699	-10.155	19.954	-44.233	-2.951
-9.685	13.561	35.937	-33.323	-2.953
20.747	28.678	1.805	33.328	-8.821
-43.247	-22.785	-1.149	-41.569	-4.678
8.154	15.290	26.326	-10.821	-1.607
31.552	8.869	6.181	26.722	15.868
-45.856	-17.264	1.000	-47.310	-5.683
-21.310	-0.437	6.523	-16.154	-3.709
32.950	-15.448	-37.961	44.046	13.385
8.410	21.591	20.568	1.717	-9.537
44.964	32.690	25.568	23.243	-0.807
-43.898	-24.609	-17.370	-41.123	-6.100
29.517	-24.126	-40.513	39.353	15.632
9.394	26.263	15.598	7.094	-8.682
15.693	26.027	13.849	13.729	-7.195
-3.026	-39.106	-21.513	-9.846	18.036
26.080	40.421	29.432	15.026	1.454
-44.432	-30.628	-23.726	-27.505	-8.716
-7.753	22.676	35.989	-21.000	3.957
-12.538	12.955	36.643	-37.564	0.749
3.387	23.069	28.625	3.507	-1.614
-42.471	-14.884	7.323	-50.782	-5.793
4.149	-20.600	-34.998	16.720	-4.984
-6.124	41.838	39.694	-11.066	-19.447
25.211	-28.146	-38.093	36.314	15.135
41.886	32.984	23.133	24.447	8.715
-18.145	-36.797	-13.860	-21.049	10.257
15.150	33.100	9.689	18.992	-6.220
-18.957	39.017	26.517	-18.767	-22.556
7.282	44.271	44.155	-0.073	-12.012
-14.338	-32.513	-6.329	-16.070	7.661
-10.024	-40.192	-14.772	-12.175	12.832
-16.755	-25.936	-9.677	-22.006	-2.875
5.759	19.351	28.893	-5.459	-1.561
32.495	21.023	-12.119	40.069	-6.426
-6.443	42.256	38.655	-11.603	-21.645
-23.195	10.425	33.393	-37.288	5.338
-46.203	-33.289	-20.069	-33.092	-4.354
-20.447	37.129	29.820	-16.301	-15.015
16.958	26.034	10.230	24.266	-16.440
-36.705	-30.085	-20.060	-34.138	-4.083
24.079	-37.218	-44.201	25.323	14.616
8.235	-17.191	-29.717	21.380	5.283
-3.534	43.793	46.428	-10.308	-12.503
25.207	45.902	43.636	12.913	-5.461
5.211	25.979	22.332	0.396	-1.685
0.249	51.872	41.247	-3.311	-18.482
18.088	-33.265	-38.893	28.186	8.830
15.121	52.569	39.753	4.129	-11.203
0.581	21.227	28.878	-12.163	-1.213
-17.882	11.956	29.629	-33.027	6.293
-19.783	40.415	31.389	-15.152	-19.121
12.786	28.097	18.133	12.174	-7.050
-7.430	-37.606	-20.799	-9.552	17.361
-28.048	12.863	13.124	-21.466	-14.332
29.753	15.635	-10.792	42.259	-6.492
39.781	18.386	15.529	22.835	6.300
-39.967	-27.898	-14.736	-42.651	-3.527
-23.674	3.466	25.994	-44.522	0.395
-19.088	10.567	32.672	-42.063	1.221
-13.791	-27.702	-9.958	-22.488	6.999
11.317	-14.855	-13.065	19.388	2.744
-8.404	50.955	32.594	-13.478	-14.248
11.653	22.109	12.961	11.195	-11.309
-15.754	-33.769	-15.835	-21.683	11.590
4.268	21.996	32.601	-5.911	-0.697
-36.633	-36.804	-30.405	-22.255	0.152
-6.751	44.686	42.852	-11.416	-8.819
9.392	-13.113	-19.926	19.631	5.519
10.721	16.302	21.879	-1.890	0.949
23.949	-38.167	-42.294	28.698	14.134
35.037	43.020	39.175	15.312	2.459
-0.874	-18.532	-27.290	13.332	1.342
12.685	21.602	23.181	7.912	0.204
9.435	23.117	22.004	-0.895	-4.746
1.108	51.682	38.767	-3.230	-12.642
27.042	11.106	-19.654	42.567	1.873
-11.556	-24.968	-6.769	-21.364	9.152
-26.653	-14.117	-4.390	-18.743	-0.235
24.687	-28.621	-41.463	28.247	13.045
-12.977	41.180	38.410	-10.338	-23.785
-2.257	45.840	43.885	-7.022	-13.355
-44.638	-30.779	-18.770	-40.223	-5.272
9.933	-43.389	-34.040	8.067	20.184
-38.735	-34.512	-18.190	-30.757	-7.690
16.537	25.783	0.301	27.704	-7.508
-17.160	-23.612	-7.207	-19.802	3.762
-1.406	21.430	32.746	-15.402	-4.021
12.010	21.380	17.346	3.939	-3.673
31.031	-25.429	-45.955	34.553	12.902
-29.042	25.291	17.784	-20.794	-15.366
1.767	20.637	33.971	-18.045	1.860
-16.601	-28.795	-11.155	-21.721	11.740
19.939	-13.575	-13.953	21.247	12.525
35.747	29.329	27.421	27.326	7.383
18.880	-40.204	-45.875	25.916	21.364
5.716	21.574	21.144	4.199	0.471
-25.611	32.607	27.983	-21.176	-20.428
-41.507	-6.964	7.827	-46.864	-0.422
3.469	27.227	28.432	-1.652	-0.189
29.554	18.581	-7.428	45.722	-2.841
9.828	21.748	22.392	6.897	-4.401
20.494	24.499	4.855	23.046	-8.976
25.673	16.116	-3.276	32.043	-8.541
28.817	12.782	-10.973	49.501	-1.427
-20.267	-29.715	-8.418	-20.250	5.021
-25.437	19.033	16.333	-22.258	-21.381
31.845	42.728	34.621	21.309	3.898
0.772	-19.169	-29.685	13.102	-6.595
7.946	23.241	29.883	-9.747	4.381
12.481	21.934	16.445	13.821	-8.505
37.286	35.313	30.339	22.872	10.601
-15.952	-23.741	-38.635	3.775	0.741
-24.458	11.281	9.827	-20.143	-12.422
34.978	14.375	-13.490	42.287	0.372
-6.298	13.096	40.461	-21.087	2.804
-38.856	-33.508	-16.812	-29.844	-2.097
7.766	44.821	35.551	-8.361	-14.460
34.147	32.912	31.910	25.093	2.470
-33.854	12.070	8.792	-27.738	-22.025
-10.743	15.099	31.942	-32.272	-3.044
-2.928	17.682	36.178	-20.320	4.430
39.718	27.926	24.300	22.072	7.351
1.473	-44.946	-26.367	-6.120	14.631
13.108	-43.653	-43.799	14.741	18.722
35.147	22.570	25.584	17.698	5.551
37.071	-8.824	-24.745	47.175	9.057
39.630	4.160	4.883	22.698	16.393
41.701	26.781	22.866	23.540	6.851
-24.356	-15.239	0.035	-21.842	-1.992
29.267	-2.090	-7.730	19.807	17.682
-20.534	-36.760	-12.329	-23.240	10.861
-17.742	42.390	34.554	-17.646	-18.960
-24.931	-27.448	-38.984	-1.683	-11.063
15.450	-36.250	-39.086	21.788	15.584
23.046	24.074	1.859	34.893	-8.538
-10.180	-25.058	-11.474	-21.004	6.798
-16.849	-20.381	1.337	-23.148	0.905
-29.468	5.886	7.262	-21.811	-11.422
13.535	-40.054	-40.411	23.183	25.072
-18.672	0.558	7.497	-22.596	-8.376
-24.875	2.775	3.065	-20.874	-13.879
39.016	33.227	27.707	26.934	-0.811
-38.021	-33.386	-24.402	-26.054	-3.455
4.718	-15.056	-24.709	13.249	0.425
-26.509	6.902	6.490	-24.864	-14.790
-37.039	-9.993	14.689	-56.480	-4.962
27.204	19.271	-13.319	40.110	-7.245
40.278	28.837	21.702	27.523	14.715
18.293	47.190	40.977	-2.880	-9.111
-16.024	-23.475	-0.490	-21.344	1.102
-25.690	7.286	7.132	-17.727	-13.441
-41.262	-29.727	-31.355	-18.569	-2.944
-20.875	-23.933	-4.782	-18.271	3.262
-20.483	-26.208	-38.842	-0.474	-2.907
-30.616	-7.074	4.313	-17.859	-8.688
25.183	-27.904	-38.334	35.971	14.801
-9.638	13.181	34.962	-21.018	-0.037
12.313	27.104	19.472	13.038	-3.677
12.558	54.051	46.285	9.273	-11.993
-45.333	-20.565	-7.112	-42.433	-2.101
30.818	18.874	-6.886	45.686	-2.211
-25.724	-3.592	-3.823	-19.068	-8.316
-27.482	-10.045	-5.136	-24.597	3.628
0.533	22.824	23.872	-2.264	-0.991
36.508	25.251	19.634	27.871	15.367
-8.051	16.173	38.469	-24.729	4.339
-3.990	-43.589	-23.488	-10.789	17.966
-22.355	-14.204	0.804	-23.856	-1.014
-7.180	-32.320	-17.004	-24.439	7.578
-31.694	14.017	16.452	-25.440	-12.650
6.793	26.978	13.094	11.003	-1.826
1.935	-19.109	-32.128	14.577	-2.471
19.589	-29.675	-41.776	26.997	17.027
24.336	43.727	35.767	9.872	3.598
-8.832	-22.096	-38.223	16.922	-1.255
26.424	20.726	-10.168	49.597	0.449
-13.332	13.147	36.903	-34.196	1.255
-43.347	-14.664	1.985	-42.786	-4.184
-23.551	4.352	9.601	-24.525	-12.048
-26.487	3.933	3.796	-22.966	-12.222
-8.654	-34.985	-23.893	-16.474	18.606
0.544	-44.576	-24.033	-6.556	16.611
-4.461	-17.874	-37.232	13.594	-2.884
8.300	-49.657	-28.821	1.564	21.251
39.280	-0.842	-3.899	24.119	11.164
-34.025	-5.057	19.217	-46.859	-7.993
21.825	28.070	-2.018	31.206	-11.393
40.106	23.372	24.758	22.594	0.292
40.963	15.834	18.551	28.584	13.088
0.624	17.806	32.076	-18.142	4.738
-12.360	43.762	38.657	-14.750	-24.261
32.738	-3.966	-3.485	24.841	22.961
43.019	4.824	7.369	26.893	15.779
14.107	-41.419	-44.383	19.619	20.950
-34.309	-0.706	24.637	-46.953	-3.759
15.163	-39.036	-42.028	22.414	13.784
40.631	-2.656	5.175	30.645	13.769
28.148	-7.095	-10.861	21.434	11.194
12.629	28.330	11.384	11.757	-3.540
9.994	25.151	19.208	10.419	-3.759
20.271	-42.244	-44.052	31.336	12.764
28.660	23.698	-11.054	37.708	-4.976
30.148	15.755	-12.566	46.468	-4.890
-27.725	11.676	2.843	-19.544	-14.064
25.374	27.707	0.319	37.523	-9.395
-49.661	-27.808	-3.965	-46.776	-1.761
-17.999	31.925	28.255	-17.007	-22.902
-4.524	20.107	35.696	-19.258	4.925
-44.824	-13.923	2.361	-49.280	-7.640
-23.648	-3.104	-0.778	-20.613	-0.529
-45.453	-29.155	-14.851	-36.281	-1.406
32.305	38.954	34.349	14.771	-3.006
-18.261	-32.883	-9.801	-26.692	6.018
39.433	14.884	8.449	27.598	13.075
29.062	7.435	-18.647	48.943	0.782
-1.574	-25.296	-36.557	14.917	1.759
-43.503	-13.652	13.296	-49.084	-6.230
-12.269	-24.132	-5.930	-23.447	4.400
8.092	48.759	38.037	2.568	-13.381
6.600	45.855	40.020	-5.755	-18.964
27.147	19.965	-6.428	43.063	-6.972
40.139	3.199	-0.183	24.908	12.543
1.520	-18.993	-27.671	16.982	0.370
-21.599	-2.050	-1.086	-24.948	-1.279
-19.402	-14.938	-10.144	-23.419	2.086
38.226	1.292	5.259	23.981	13.317
-44.866	-16.540	5.960	-45.851	-3.539
-18.282	-22.131	-7.576	-14.517	3.309
-11.040	-21.119	-37.238	5.338	-0.946
27.770	19.950	-11.307	32.828	-3.806
22.083	-27.143	-39.040	36.665	12.676
-4.525	45.895	35.213	-5.286	-20.784
-26.101	21.959	19.795	-21.369	-21.718
16.169	28.093	14.541	5.978	-8.517
-12.030	-35.349	-13.660	-16.542	8.722
-14.705	42.280	28.339	-16.797	-20.175
35.833	-1.598	-25.698	45.988	-1.279
27.859	-3.686	-4.350	25.763	13.156
18.789	27.747	9.428	16.111	-6.818
-24.549	-19.853	-4.652	-19.206	-1.760
-16.230	-33.960	-11.579	-19.964	12.937
3.993	43.799	41.230	5.376	-7.286
26.176	24.169	-0.158	24.016	-7.026
-9.648	-22.879	-35.602	11.434	-1.687
-6.393	-35.564	-21.550	-15.428	14.771
-27.317	-32.896	-34.049	-11.265	-2.727
23.398	23.347	4.022	29.518	-2.738
33.496	-17.069	-42.146	40.398	12.398
-26.289	-7.626	-3.279	-26.493	-8.220
33.961	38.775	41.063	17.821	2.742
-22.428	-31.243	-32.862	-5.267	-3.966
-14.348	-23.542	-44.818	0.388	-4.502
-22.203	-9.845	2.273	-23.810	-0.622
-37.835	-16.318	1.411	-55.643	-3.636
16.019	44.533	46.796	8.547	-4.458
-31.379	-36.812	-37.604	-16.585	-10.417
43.632	27.479	23.056	28.172	12.931
-13.517	10.959	38.747	-34.572	2.799
19.508	-15.533	-21.144	20.266	9.260
15.236	-13.724	-14.769	15.386	3.369
24.291	20.559	-2.979	43.012	-4.829
-35.450	0.530	27.120	-46.019	-4.786
-46.692	-18.884	-2.880	-42.516	-5.260
-27.099	20.046	16.877	-26.944	-16.369
-27.448	13.854	12.757	-23.172	-16.352
30.356	-8.576	-35.348	46.372	9.772
-32.671	-35.915	-37.059	-24.241	-3.688
-7.230	-22.457	-41.004	11.116	-3.305
-33.820	0.667	22.802	-45.995	0.062
14.689	-13.031	-18.482	17.632	8.095
10.103	23.080	17.505	0.204	-7.687
10.107	22.928	20.251	-0.100	-3.886
