26.133	-6.790	-14.302	37.238	-3.297
3.614	-1.562	-4.261	-3.440	3.889
-18.053	12.937	16.332	-14.953	-13.484
4.669	-1.923	-3.455	1.475	-1.698
14.740	-28.848	-29.164	25.464	1.078
30.776	3.697	0.608	37.246	-10.876
-9.904	14.966	24.138	-10.071	-21.032
1.874	-2.039	-4.001	3.005	2.776
0.657	-9.687	-0.227	-0.192	1.053
-3.449	-47.534	-24.542	1.302	-0.336
-16.114	3.339	5.266	-9.876	-14.761
-1.656	30.959	21.943	-2.431	-21.799
26.407	3.844	7.406	17.929	6.213
-30.245	-26.437	1.806	-32.382	-3.456
3.389	-45.602	-32.691	14.910	-0.296
4.470	-7.933	-4.908	2.037	2.636
-18.333	1.816	33.857	-27.786	-10.270
-11.270	0.047	-8.052	4.016	-4.202
20.817	22.767	11.527	25.823	-13.580
-19.593	4.862	6.842	-12.450	-16.649
2.930	19.222	39.602	-9.594	-10.063
-4.420	23.428	17.136	-1.941	-25.805
22.004	-12.617	-17.617	33.553	-4.432
23.709	-2.925	12.053	18.938	-2.029
-4.864	-44.826	-28.092	-1.242	-0.355
1.759	19.618	24.737	6.477	-18.075
25.221	4.109	-7.734	37.604	-12.172
3.036	-43.517	-30.605	8.198	-3.214
19.879	13.251	22.252	7.411	0.944
13.769	19.027	34.601	-2.400	-0.659
-23.510	-41.847	-16.813	-20.538	-3.565
26.852	1.617	8.655	15.303	7.703
2.327	2.816	0.454	-1.205	-0.471
7.395	-8.496	-2.379	7.437	7.124
29.290	-10.086	-14.857	37.825	-3.807
-2.383	12.009	38.761	-15.577	-5.978
25.592	-8.737	-16.889	35.976	-3.478
16.955	14.069	31.389	3.775	0.773
-27.356	-18.602	16.338	-37.465	-6.763
10.065	-7.580	-2.032	3.817	4.930
27.748	10.704	-6.838	35.937	-7.432
-1.178	-41.136	-33.539	16.015	1.898
-27.894	-30.048	3.823	-31.826	-5.895
-0.401	-2.265	0.990	-1.691	-1.942
-11.015	-3.029	0.192	-9.413	-11.113
-8.817	-5.144	-7.045	-3.160	-7.383
-19.931	8.611	11.942	-11.599	-15.729
21.069	9.531	12.436	12.937	2.275
18.286	19.356	3.340	27.905	-12.331
-16.413	9.741	12.973	-13.703	-14.443
-14.239	14.585	13.484	-10.203	-16.078
19.515	-18.933	-20.533	28.654	1.081
23.221	5.180	16.472	10.791	1.490
-10.179	15.036	15.409	-11.143	-13.026
-30.300	-20.545	14.203	-35.373	-10.255
0.715	-38.843	-32.438	14.513	0.208
-19.061	3.761	5.300	-13.328	-17.263
-25.115	-10.886	22.317	-31.093	-5.520
-28.283	-7.542	14.792	-37.587	-12.212
-27.561	-26.686	7.987	-35.166	-14.416
11.256	-4.298	-3.283	9.444	10.451
26.205	9.313	2.705	32.229	-7.878
8.091	-30.733	-29.160	24.438	-0.520
5.248	18.826	21.626	3.333	-21.142
6.502	-9.482	-6.478	3.475	1.425
-12.704	-43.293	-22.445	-11.816	-2.900
24.448	-5.897	7.333	17.097	5.388
14.377	-1.594	-2.677	12.528	3.090
-7.776	-41.282	-29.377	6.003	1.241
14.155	-28.223	-28.355	20.863	-4.861
-13.695	1.426	2.980	-10.152	-8.685
-14.830	1.602	35.002	-28.468	-12.995
9.000	18.138	37.610	-12.315	-4.387
-12.234	-4.009	0.074	-9.143	-6.461
-12.407	6.477	32.812	-27.310	-9.871
-18.233	-2.946	28.122	-37.051	-11.058
-25.204	-24.541	10.428	-30.604	-7.415
-1.920	-1.630	-4.102	-1.953	-4.293
-27.047	-29.215	2.998	-30.266	-2.606
27.648	16.706	24.423	5.716	-3.593
25.234	-14.757	-19.577	29.263	4.390
0.394	-0.851	4.239	4.328	3.039
21.738	-9.843	-19.747	35.690	-0.364
-9.353	8.807	32.074	-25.081	-10.538
17.808	-5.789	1.712	15.306	6.446
-27.381	-6.150	25.091	-37.051	-9.204
-27.001	-15.034	3.093	-30.569	-6.598
17.992	23.206	16.877	21.152	-17.889
16.192	12.365	21.610	15.394	0.941
-3.256	21.758	24.943	6.454	-13.378
-9.546	-5.511	-6.636	-4.263	-6.460
7.663	-12.706	-3.312	9.834	5.432
-6.957	1.951	-4.482	-5.871	-7.254
13.920	-3.311	-1.890	13.654	4.054
8.444	-4.365	1.950	1.184	-0.888
17.603	-18.335	-18.939	39.136	-3.699
15.430	-27.446	-27.358	28.401	-2.075
-8.276	7.852	34.107	-21.971	-14.900
-14.570	3.899	12.067	-12.887	-12.342
-14.906	-6.729	-2.131	-10.831	-9.836
-18.243	2.141	3.387	-9.904	-14.210
17.704	-24.599	-30.824	26.335	-2.786
24.216	3.747	8.010	20.687	6.340
-3.293	21.113	21.123	-2.370	-20.403
-5.658	13.323	42.320	-23.172	-6.518
3.470	-4.909	-5.551	-3.453	-0.412
15.252	12.452	31.977	3.156	-6.104
2.241	-3.760	-4.065	-0.534	8.377
-27.203	-29.027	0.677	-32.144	-8.438
-6.850	-2.396	0.925	-0.024	-1.758
-19.228	6.992	7.781	-11.798	-13.900
16.078	-5.186	-0.156	11.198	7.885
24.966	-14.626	-18.254	36.526	-5.425
23.175	15.104	6.891	32.157	-10.166
-3.220	-11.236	2.741	8.533	0.077
-17.284	1.360	4.765	-11.602	-8.151
13.514	-34.512	-35.334	21.767	-0.174
-1.035	-43.355	-33.672	1.559	-5.023
16.802	-24.377	-18.338	31.712	-3.945
-20.405	1.708	-1.700	-13.365	-10.164
7.866	-6.505	-5.791	7.948	8.853
26.063	28.249	9.936	25.638	-10.357
-3.786	-49.344	-31.593	4.862	-4.843
-29.724	-18.425	18.057	-34.150	-2.763
9.712	-6.195	0.084	13.510	3.879
-10.713	-1.542	-3.677	-10.949	-7.265
-22.968	-0.439	27.716	-31.387	-9.036
-15.530	12.671	11.283	-11.313	-11.543
-23.501	-37.148	-3.461	-23.706	-7.086
0.665	0.046	-3.114	3.913	-0.027
7.332	-8.800	-10.475	-0.071	0.331
-1.949	27.271	24.445	3.167	-19.060
12.560	25.895	23.810	15.666	-21.982
23.210	-23.719	-21.982	33.513	3.096
-15.778	15.029	19.151	-9.809	-20.179
-16.422	3.464	4.903	-12.198	-11.202
23.196	20.340	0.688	35.609	-7.522
-11.838	-6.469	-3.052	-7.898	-7.640
-12.638	-5.199	-3.031	-1.208	-2.526
3.732	-4.355	-7.438	-1.641	9.847
-15.898	-3.458	-4.298	-10.430	-5.549
-0.127	-6.192	-4.376	3.665	-0.028
-12.012	-1.691	1.820	-5.365	-12.667
28.549	17.497	-0.946	32.948	-8.821
-0.880	-36.667	-35.915	9.513	-5.826
26.906	6.437	5.584	13.650	0.927
6.276	-42.190	-31.832	12.767	5.178
29.160	-7.044	-9.893	39.962	-5.754
-21.551	-37.479	-10.269	-31.760	-13.451
-19.441	-42.923	-19.625	-12.569	-4.479
22.193	4.469	17.196	13.756	6.751
-9.852	6.142	32.263	-21.941	-8.780
-7.445	-5.587	-7.424	1.580	-4.646
-4.710	7.618	39.177	-27.611	-12.536
19.752	-2.554	0.358	12.695	2.974
-2.334	-9.394	-2.656	4.645	2.143
-26.154	-14.459	20.669	-38.515	-6.563
19.252	-5.257	4.695	12.311	3.060
-11.379	11.404	11.567	-6.602	-18.494
21.459	18.375	10.739	29.374	-12.859
-5.633	-0.547	-1.854	-1.361	-3.292
-12.292	14.220	13.062	-9.593	-21.409
-24.858	-30.758	-0.083	-29.553	-4.791
-3.717	2.026	-1.018	0.222	2.771
18.883	26.645	11.466	23.699	-11.247
1.669	22.812	20.643	-1.749	-14.313
8.206	-42.464	-28.283	18.584	-2.216
13.719	-23.629	-32.000	29.676	-1.551
8.103	-30.822	-27.602	28.783	1.847
23.604	17.111	28.459	12.146	4.836
8.043	-10.029	-3.856	-4.473	2.660
22.810	-4.405	7.560	14.610	3.130
-8.662	1.926	-1.148	-6.702	-8.069
-6.558	-44.009	-30.614	7.247	-1.944
-5.432	-8.733	-3.212	-2.990	-5.155
12.954	-38.114	-30.057	20.262	-2.371
9.556	15.744	38.625	-2.270	-4.663
-28.453	-19.769	7.231	-34.367	-12.001
-15.214	11.221	14.701	-7.808	-18.412
-28.778	-29.106	2.039	-27.241	-6.438
9.778	-22.030	-28.760	23.419	0.393
0.800	-6.396	-2.660	4.505	2.310
21.224	17.735	33.681	6.572	-3.046
25.613	-0.685	-15.919	37.579	-7.025
20.328	-19.010	-21.742	36.938	-4.750
-17.397	-1.694	32.385	-25.740	-11.300
-0.704	11.407	38.298	-16.743	-9.084
-19.835	-8.153	26.483	-26.598	-7.174
13.302	-5.425	-4.807	9.032	4.006
17.556	-5.927	-1.453	16.691	6.319
2.912	-2.591	-6.805	-1.169	-1.111
16.122	-32.390	-30.821	19.219	-5.321
27.421	-9.632	-16.718	33.690	-2.860
26.816	18.453	10.288	37.857	-10.211
20.619	-2.903	3.888	18.804	5.597
-19.455	-4.297	22.840	-29.422	-11.711
25.580	15.028	23.737	7.190	10.524
-13.436	4.810	2.478	-9.298	-14.806
-20.773	-15.500	15.905	-35.853	-8.641
16.973	-27.812	-26.424	32.316	-6.457
-11.923	-8.324	-1.564	-0.568	-2.827
15.450	-7.236	-4.728	8.412	5.477
22.165	5.789	6.007	15.771	15.136
-13.745	6.667	4.661	-14.055	-9.327
24.820	8.253	19.956	11.971	1.224
-12.478	-6.622	4.007	-6.888	-5.959
31.356	-10.206	-23.838	33.485	-2.554
26.195	-16.701	-18.717	34.945	-1.385
16.665	1.883	4.852	18.721	0.035
-17.046	6.499	1.313	-9.084	-15.791
3.703	27.689	16.304	8.805	-17.267
9.750	-4.352	-4.161	5.293	7.349
30.163	-13.184	-18.902	38.015	-3.836
-1.836	-41.240	-23.569	9.362	-2.481
2.309	25.899	23.101	11.351	-16.712
20.488	24.794	12.000	27.798	-4.573
23.165	-3.811	4.927	12.133	1.451
28.090	7.217	18.468	12.446	2.732
-4.984	-47.408	-19.394	-4.396	-1.925
7.808	-38.756	-34.918	11.541	4.934
20.261	1.091	8.758	11.863	3.608
-23.967	-12.731	29.340	-36.570	-5.945
-5.150	-3.318	-3.312	-4.716	-6.123
27.264	-8.112	-20.664	34.884	-4.684
7.681	19.997	41.026	-3.195	-0.572
-8.379	16.813	13.371	-7.074	-17.599
29.187	-6.540	-3.645	39.865	-11.345
-14.766	6.356	4.642	-11.277	-9.291
-3.070	14.821	38.586	-19.554	-3.071
-7.198	8.460	40.525	-21.049	-6.180
8.599	30.737	14.370	12.562	-15.264
0.421	-8.929	-4.619	2.961	-0.720
-17.183	9.904	15.748	-17.795	-14.626
-12.954	-5.330	-3.553	-8.252	-8.707
-0.475	27.555	23.028	5.223	-18.842
-25.088	-22.600	13.781	-36.645	-11.418
-22.317	-6.776	26.880	-31.180	-9.065
12.059	-11.045	-9.857	7.467	4.329
27.059	7.753	16.495	10.853	5.897
22.308	11.764	21.889	10.561	-3.399
9.986	-34.660	-35.392	15.139	-2.124
-8.912	14.648	18.209	-7.777	-16.343
-25.079	-32.982	1.967	-31.589	-5.993
-7.496	5.930	41.606	-26.004	-8.354
-0.932	18.469	21.544	11.652	-17.839
8.024	11.732	38.546	-5.128	-11.053
29.855	7.196	1.322	40.493	-5.854
-2.866	-8.249	-4.131	-0.339	-4.859
7.422	-5.465	-12.200	2.350	-1.661
-2.909	-42.441	-27.623	5.807	-6.318
22.687	0.622	7.964	13.377	3.382
-4.528	25.495	23.489	1.695	-16.624
-5.246	-4.000	-2.742	-10.373	-8.699
19.464	19.836	30.289	5.203	-4.443
-27.147	-8.455	26.200	-33.205	-8.153
-11.804	13.394	14.560	-9.473	-19.393
22.347	17.199	24.177	8.848	5.083
-20.525	-41.048	-16.738	-19.589	-7.107
21.526	-10.496	-20.535	38.093	-6.083
-6.081	16.712	36.294	-23.780	-9.866
-24.620	-24.210	7.000	-35.966	-7.905
2.576	-43.356	-30.784	11.983	-4.170
-11.548	6.780	35.329	-28.061	-11.754
-12.250	-4.829	-1.236	-6.868	-0.446
10.487	-24.855	-26.453	29.536	2.694
1.078	17.401	41.574	-13.577	-11.999
13.569	30.348	21.122	21.024	-21.296
5.191	-3.480	-1.611	-2.755	-1.549
7.391	19.041	40.558	-15.640	-1.948
-30.654	-29.157	1.348	-25.177	-13.173
19.883	11.111	30.798	6.797	-0.256
-19.152	3.735	-3.299	-6.116	-11.119
7.579	16.687	37.998	-1.761	-6.540
30.229	-0.063	-8.146	40.985	-5.616
3.890	-13.250	-2.445	6.431	9.121
-3.540	-1.617	4.330	5.186	-4.672
23.958	9.933	19.682	13.773	3.345
-11.218	17.517	17.739	-3.652	-17.585
29.260	-8.188	-13.098	37.295	-5.401
21.166	13.911	20.371	12.576	0.874
-6.310	-45.137	-28.242	-2.298	-1.990
30.382	-14.482	-21.718	31.970	-4.951
0.513	-0.800	-6.500	1.118	-2.082
12.997	-6.737	-4.101	6.821	0.027
15.245	-4.256	9.731	10.336	3.024
-20.927	-4.829	7.380	-12.448	-15.974
-14.370	-42.789	-25.248	-10.550	-2.231
23.408	-6.016	-15.253	31.668	-8.643
23.272	12.876	24.212	8.233	1.212
7.975	24.493	23.914	8.013	-22.982
-7.910	-8.037	-6.815	0.434	-1.769
1.993	0.229	0.039	0.093	-2.627
19.610	-0.167	0.711	21.650	9.913
15.440	13.033	30.511	7.568	-4.652
1.113	11.834	39.702	-17.574	-4.871
-6.877	7.712	37.179	-21.193	-14.695
23.271	-11.491	-13.692	42.135	-10.548
8.508	29.653	19.432	-1.175	-15.918
-16.308	-44.906	-20.682	-14.678	0.147
24.705	4.810	-6.797	38.597	-8.176
21.919	7.284	12.258	13.451	-0.184
23.768	-21.836	-21.626	33.880	2.716
-20.999	-4.706	32.077	-28.442	-16.543
16.740	-3.852	-2.824	13.614	12.179
-9.892	-6.856	-0.204	-13.632	-8.439
23.720	-20.713	-21.112	41.674	2.066
-30.643	-26.108	2.093	-31.253	-11.362
27.493	7.005	18.610	16.147	5.630
-12.527	5.956	5.591	-12.332	-14.810
-13.229	4.724	8.526	-9.408	-13.219
1.852	-8.986	-10.043	1.881	1.412
19.520	-40.516	-29.089	23.786	-4.605
22.045	24.991	12.168	23.156	-16.070
-11.334	-7.534	1.067	-8.832	-3.720
20.549	-16.459	-18.434	34.663	-11.612
-13.218	-4.637	-1.201	-6.046	-9.118
22.133	8.927	24.236	9.416	-1.801
7.515	-12.555	-8.913	10.175	7.914
7.996	16.698	34.243	-7.537	-1.673
4.776	25.589	25.822	4.546	-25.097
7.317	-10.134	-5.715	4.125	8.404
14.419	-11.015	-3.767	13.375	-2.264
11.352	16.740	37.908	-6.081	-3.908
27.929	8.827	-2.089	37.915	-7.786
15.328	-7.373	2.223	11.561	7.653
12.982	27.357	21.719	22.690	-23.154
-8.733	4.188	36.360	-19.905	-5.359
-29.201	-27.250	4.672	-23.990	-11.578
3.696	1.517	2.396	0.486	6.480
-17.040	-3.462	-2.644	-7.622	-5.999
-24.064	2.635	23.337	-29.422	-14.009
-20.143	-40.712	-22.585	-12.933	-5.871
-26.103	-27.081	4.477	-25.705	-5.386
-8.356	-1.605	0.735	-2.344	-2.017
-7.298	18.471	35.751	-16.375	0.340
-17.897	-3.251	0.838	-8.400	-12.333
-14.252	-3.151	-3.398	-5.962	-4.461
22.354	0.332	10.141	12.201	12.327
-27.466	-41.204	-11.310	-26.269	-2.427
17.839	27.448	20.647	17.225	-12.988
26.677	4.067	12.468	17.673	3.394
19.585	14.189	36.224	0.088	-1.211
-5.526	1.986	-2.971	-5.371	-6.279
-3.562	-38.919	-32.550	2.164	-3.669
-24.628	-31.280	-5.012	-27.615	-6.742
22.641	-22.649	-27.090	30.936	-1.229
10.886	8.306	41.037	1.399	-4.860
-8.613	24.516	30.513	-1.785	-14.768
-17.324	6.797	36.355	-24.400	-9.796
32.103	-0.112	-11.329	40.317	-2.329
-17.518	0.903	31.726	-30.355	-9.697
-12.933	-6.925	0.787	-8.939	-12.841
14.519	-34.071	-32.881	25.533	-0.601
-23.096	-37.800	-11.371	-24.544	-0.650
-22.656	-8.802	20.890	-32.447	-9.594
28.378	2.658	12.198	18.391	2.499
-18.926	2.068	1.024	-8.227	-12.064
7.247	24.741	23.567	7.310	-17.941
-13.851	7.670	29.969	-32.341	-9.814
-14.348	9.376	13.935	-9.148	-17.077
-16.566	6.586	8.304	-11.610	-13.408
-6.072	-9.493	-2.506	-6.582	-9.717
19.093	23.700	14.946	25.391	-16.038
13.218	20.858	37.640	-1.908	2.806
11.348	17.716	39.948	-0.042	-6.126
0.770	-6.956	-1.546	-2.171	-4.655
24.397	-1.402	-5.548	39.883	-12.623
-12.814	-1.828	31.050	-22.873	-12.518
-1.709	-2.562	-4.085	0.093	-6.025
-12.032	-42.821	-25.156	-5.541	-1.073
-23.314	-32.706	-8.617	-24.193	-8.630
22.219	10.334	14.478	8.917	-2.364
-25.098	-17.147	12.121	-35.953	-13.222
-27.995	-33.025	-2.756	-34.781	-5.672
-5.493	-3.163	4.653	-0.286	-6.224
5.810	-10.395	-8.255	-4.215	2.472
26.765	21.717	10.328	25.700	-13.710
12.953	-30.667	-34.832	28.321	-4.049
30.372	-0.734	-8.818	33.852	-9.144
4.464	18.189	36.418	-1.843	-7.046
23.253	-4.630	6.598	13.418	7.100
16.846	-1.623	-0.142	14.885	4.072
-16.085	16.119	20.060	-5.999	-16.827
16.782	21.512	17.951	20.915	-15.412
-26.025	-6.492	22.241	-38.597	-9.849
15.966	-28.508	-32.529	20.616	-2.902
-4.847	13.724	40.903	-8.419	-15.831
11.138	14.728	30.840	-2.652	-3.809
-26.508	-16.622	16.476	-33.577	-10.879
24.103	19.354	14.925	24.358	-18.419
-10.011	-44.301	-24.076	-2.449	-0.983
16.477	-20.604	-25.300	25.922	-1.547
9.033	-2.608	-3.055	13.562	4.650
17.202	-15.880	-25.323	33.506	-1.161
6.723	-36.452	-33.963	21.924	-2.249
23.496	4.673	10.490	15.019	7.642
7.296	22.325	40.568	-9.284	-1.257
7.945	16.799	38.059	-8.945	-1.987
3.571	12.074	38.957	-15.631	-7.106
-9.687	-47.963	-26.351	0.541	-3.911
-9.797	-44.722	-29.620	-0.578	-4.172
22.860	-3.388	-12.995	35.112	-7.561
13.038	-22.848	-34.324	24.226	-4.913
-12.690	2.598	0.459	-10.929	-12.617
-1.402	-5.494	1.584	-5.240	5.261
-10.488	-2.845	-3.468	-8.092	-1.873
12.930	-8.251	2.074	11.069	4.006
19.279	-25.012	-22.418	33.851	-3.856
-32.793	-20.204	1.571	-34.807	-11.416
26.930	16.549	3.102	31.792	-11.880
30.117	4.060	-11.729	38.481	-7.179
23.335	-11.586	-26.402	39.225	-12.124
10.808	-8.682	-6.726	6.505	5.191
12.149	-12.192	-4.073	9.741	4.571
-16.604	-2.154	1.591	-14.448	-15.856
-12.532	-2.454	34.957	-30.616	-4.516
18.551	24.056	16.729	28.428	-13.754
-1.262	9.159	39.173	-27.438	-6.956
22.937	0.201	7.958	19.090	4.204
24.985	2.028	5.415	21.158	3.627
23.443	-12.156	-18.662	34.128	-4.644
27.205	2.634	1.366	14.784	7.723
-15.246	-2.847	31.070	-31.745	-10.201
8.698	26.075	23.505	8.757	-20.858
26.849	7.094	19.030	11.050	4.891
-0.927	-40.164	-29.316	9.853	-5.326
14.252	12.220	39.070	-2.071	-3.208
-24.726	-17.165	12.301	-34.467	-9.795
23.207	0.543	7.482	22.693	6.337
21.396	-20.468	-23.143	29.501	-6.474
3.946	19.831	37.195	-10.281	-3.793
22.447	24.486	13.122	25.776	-15.836
-22.524	-38.099	-18.604	-18.455	-1.367
-3.400	-42.923	-30.204	4.545	-3.005
-2.706	-3.968	0.273	-9.709	-4.825
13.556	-22.457	-32.293	30.101	-2.941
21.227	13.979	25.816	12.653	4.512
-13.968	-40.960	-27.707	-9.217	-6.509
24.655	-8.208	-14.993	38.597	-5.239
26.197	4.664	-6.253	32.725	-16.205
4.643	2.487	-2.948	-4.001	3.721
4.371	-7.984	-3.478	-1.322	-1.936
11.846	-13.036	-7.346	4.384	1.138
-24.885	-32.040	1.259	-29.080	-10.369
-3.660	-1.436	-2.245	-3.189	4.847
8.927	-9.913	-10.180	1.502	7.413
22.234	-8.877	1.788	18.359	1.422
22.269	25.422	16.083	30.217	-16.680
-25.254	-38.532	-11.173	-25.036	-11.152
16.930	-23.474	-22.323	25.934	1.048
-16.939	10.896	11.732	-12.705	-15.412
8.042	25.768	21.654	15.011	-15.008
13.282	-7.055	-1.828	10.809	3.670
-9.238	-44.516	-28.020	-8.342	-0.853
0.854	23.048	24.138	-3.992	-17.601
-28.790	-17.745	10.182	-35.088	-9.917
18.999	10.505	19.634	11.678	3.876
-19.744	-0.543	1.808	-13.869	-13.318
16.820	-9.800	-1.516	10.624	10.002
-9.848	8.031	8.574	-11.581	-16.869
11.704	15.009	41.407	1.799	-4.879
-2.240	-5.441	-7.630	-4.964	-7.998
18.921	29.347	11.519	23.074	-20.814
-24.935	-15.546	22.127	-31.739	-7.857
-1.666	29.443	22.971	-1.494	-21.312
21.816	22.806	5.850	28.651	-15.491
26.030	1.450	6.674	18.057	7.238
10.477	-33.571	-30.784	22.827	1.163
-7.071	-4.687	-5.430	-1.456	-4.792
-15.367	-40.778	-20.481	-11.782	-4.713
4.308	-9.072	-4.709	-1.605	3.117
1.165	-38.864	-30.736	14.757	-6.657
-6.294	-38.394	-28.851	2.632	-1.273
26.902	10.852	14.633	21.970	0.473
-0.609	-1.561	-3.377	4.498	2.479
-14.849	3.754	27.216	-29.518	-11.957
-11.848	0.457	-2.885	-12.473	-5.318
-20.426	-4.071	16.801	-32.201	-11.187
-13.446	-0.942	0.845	-3.164	-11.929
26.477	-6.442	-15.185	37.623	-4.915
-17.208	3.711	6.040	-13.457	-5.032
27.100	7.850	13.228	22.932	3.036
-4.893	14.663	35.541	-12.499	-8.672
-0.412	19.371	20.951	6.042	-20.169
26.204	-10.918	-21.700	36.476	-2.914
21.818	15.122	22.831	13.590	-2.729
11.478	25.284	18.419	17.877	-15.477
15.337	-9.489	-4.493	15.281	13.460
0.663	-8.937	0.598	-4.486	2.668
0.083	-7.340	1.151	0.293	-1.642
-14.168	1.899	0.060	-14.049	-14.760
16.226	30.755	16.859	14.832	-17.757
24.445	18.600	5.649	29.907	-10.765
27.314	-10.260	-20.914	31.744	-5.298
29.900	10.125	-5.296	34.395	-7.913
27.085	11.376	18.425	12.760	2.644
21.951	-0.097	7.807	8.733	8.829
-16.773	-9.120	30.948	-32.390	-9.090
-12.349	17.612	23.520	-7.410	-20.328
-17.701	-36.060	-24.431	-14.839	-5.082
4.939	13.398	39.245	-15.639	-10.410
16.581	16.149	27.533	7.394	-3.285
-4.211	11.144	32.989	-20.661	-8.784
18.581	-7.455	9.224	10.325	9.267
25.971	-2.215	-5.560	34.810	-7.179
5.794	-8.558	-5.558	-1.766	3.286
-17.030	-38.951	-20.515	-16.875	-10.700
22.637	-3.764	-3.736	15.128	2.690
10.064	23.681	20.551	20.175	-17.290
7.641	-3.037	0.230	0.489	-3.017
15.405	-32.114	-31.023	26.053	-2.086
14.021	16.686	37.852	-6.878	-1.405
4.774	29.724	20.981	11.274	-20.111
-5.145	-34.402	-30.692	3.560	0.364
21.063	-4.657	5.328	16.598	2.438
-25.734	-13.970	26.268	-33.724	-10.034
21.620	7.173	13.617	12.375	0.729
17.691	27.404	18.318	12.233	-18.493
2.296	1.255	-4.350	-2.912	-2.840
-8.970	24.529	17.023	-6.069	-23.275
-0.175	-3.550	-2.951	-4.354	-3.718
22.380	-21.535	-24.300	31.659	-2.993
-2.986	-4.898	2.918	0.505	-0.413
1.568	-41.069	-33.231	6.601	3.295
-5.576	-2.704	0.776	-6.053	3.811
-28.330	-19.387	19.573	-26.098	-9.667
24.722	6.892	16.566	17.272	5.174
5.966	-12.070	-9.436	6.066	4.434
20.966	11.849	29.923	3.028	1.084
2.565	-39.039	-32.100	15.309	0.621
1.116	-1.596	-1.907	2.508	0.053
-16.187	9.757	17.790	-9.274	-13.383
-4.456	-40.190	-30.933	10.304	-2.655
-3.490	-1.933	-2.917	-1.043	-4.051
-11.513	11.012	9.028	-17.430	-15.516
1.353	-39.694	-24.071	11.615	0.685
6.076	18.581	40.308	-10.081	-2.890
-25.420	-20.204	10.781	-31.835	-10.069
-2.365	-1.567	-5.964	-2.593	-3.447
-27.899	-34.930	-5.991	-28.406	-6.539
-13.977	-3.347	4.629	-12.003	-4.844
4.479	-8.509	0.487	-3.694	4.111
-6.144	21.565	17.766	-9.125	-11.409
22.119	11.435	23.401	18.313	-2.163
17.812	25.265	7.932	24.244	-25.128
25.911	18.521	13.180	35.328	-12.647
4.990	-39.473	-34.250	18.737	-6.859
24.183	-20.066	-20.762	28.003	1.850
-18.271	-1.566	34.439	-29.268	-14.857
22.181	-13.913	-27.244	37.876	-3.812
11.562	-7.464	-2.280	7.292	4.220
27.055	-6.826	3.211	13.876	5.127
-7.398	12.660	16.247	-7.296	-17.550
-8.022	-9.799	0.226	-6.827	-10.545
-15.909	3.894	31.145	-24.783	-12.172
11.243	25.797	19.598	15.764	-18.289
-17.470	7.144	32.585	-25.147	-5.516
-0.665	23.448	23.613	0.181	-19.349
11.069	24.621	17.798	23.104	-15.067
-8.719	3.126	30.033	-29.279	-9.922
-22.663	-8.421	21.402	-39.568	-7.800
-19.543	-16.160	11.117	-34.441	-9.761
-23.038	-15.674	20.251	-38.958	-15.546
-25.742	-10.035	24.831	-31.392	-8.233
-34.300	-29.056	1.334	-32.450	-5.930
23.914	-18.478	-21.558	31.954	-4.867
20.015	-18.742	-28.799	27.578	-2.712
-4.298	-4.103	-7.693	-1.526	-2.263
19.758	21.123	8.882	33.299	-10.046
4.223	-43.561	-27.289	12.198	0.680
-5.260	-10.622	-0.303	-7.384	-10.362
31.840	-4.184	-10.572	35.916	-7.137
23.152	11.775	17.280	10.674	4.919
27.415	-7.449	-11.606	32.421	-12.020
18.273	26.182	17.171	22.006	-16.358
23.716	8.093	19.964	11.028	10.495
6.904	13.969	38.759	-16.131	-8.706
-27.422	-16.431	16.369	-32.927	-10.555
13.758	25.322	21.065	20.052	-13.521
28.942	15.881	1.319	28.078	-12.670
-3.555	25.540	19.776	6.927	-20.897
-4.341	22.626	20.656	0.883	-15.729
3.429	-3.864	-10.781	3.412	2.422
-17.774	-42.268	-21.220	-6.327	-3.366
28.780	5.114	-7.756	35.533	-3.724
-26.533	-33.491	-9.140	-23.549	-5.826
-16.580	2.056	0.223	-11.090	-16.524
-5.557	-1.991	-4.164	-0.629	-4.864
-0.835	11.248	39.215	-15.836	-8.935
6.449	-5.760	-1.570	3.934	1.846
-11.005	-6.276	-5.536	-6.355	-1.184
-10.085	0.820	2.913	-13.570	-4.991
19.080	-23.028	-25.767	27.586	-4.414
-22.132	8.392	11.383	-9.503	-14.527
30.820	2.625	-6.457	38.110	-3.104
-1.703	25.494	27.243	-4.028	-17.465
19.181	5.850	16.141	18.162	-3.538
-2.179	4.804	-5.429	3.229	0.643
7.040	-5.796	-4.589	2.858	0.268
-18.317	-44.535	-18.434	-11.589	-1.746
24.379	2.575	7.866	17.325	5.570
23.350	13.310	19.254	13.185	6.916
30.937	-11.683	-18.033	37.082	-8.071
-7.233	-45.597	-30.737	-1.351	-6.009
25.257	12.419	16.776	9.317	1.985
5.075	-40.618	-26.411	12.508	-2.501
24.922	-16.877	-15.879	34.637	-10.857
6.808	-5.203	-2.793	2.952	-0.450
-16.649	-1.767	30.482	-30.675	-9.941
18.060	-17.858	-25.678	29.102	-1.680
1.428	-9.318	-8.898	5.128	5.109
1.407	-46.566	-31.686	10.021	-6.214
-3.470	-4.221	-4.201	-6.403	0.289
2.717	-5.859	3.695	0.762	1.731
-9.892	14.001	39.572	-26.053	-7.574
-14.028	-42.137	-17.449	-16.227	-5.590
-2.693	24.445	18.117	0.990	-16.218
-21.804	-12.034	20.748	-33.459	-11.482
17.648	-33.297	-29.077	22.569	-2.031
-23.145	-38.668	-14.511	-16.550	-1.412
1.967	-9.135	1.522	1.034	4.763
-6.014	-2.249	-4.131	-3.404	-1.009
-0.651	-0.406	-3.696	3.583	5.014
-10.414	-43.520	-14.795	-4.609	-7.053
10.384	21.244	30.274	-1.183	-1.137
-12.309	15.866	15.656	-1.947	-19.061
13.151	-9.921	-3.543	8.973	10.571
32.975	1.668	-5.608	34.414	-10.707
-18.936	-39.822	-13.285	-22.024	-5.924
27.297	-8.586	-15.875	37.557	-6.800
26.893	4.224	6.436	13.274	5.235
-27.724	-27.058	5.914	-33.866	-9.964
22.860	2.756	16.021	12.438	6.230
-5.772	-1.990	-6.102	1.003	-0.589
-17.780	-1.675	6.287	-15.045	-6.227
-5.815	-44.850	-27.797	3.008	2.359
-12.949	5.586	6.814	-9.444	-12.071
32.860	5.173	-2.846	34.054	-5.830
-3.866	24.265	27.399	-4.370	-20.601
2.954	-7.689	-2.167	4.767	8.756
-10.151	-45.669	-23.871	-4.107	-5.950
21.436	-0.317	-0.895	15.773	8.891
24.079	21.682	1.309	31.734	-9.613
-5.710	19.181	19.299	-4.524	-19.665
9.900	18.629	33.985	0.481	1.629
21.957	-0.755	0.654	15.584	0.912
14.677	-6.691	-2.243	9.170	6.066
-12.750	1.196	27.573	-29.419	-17.916
14.090	12.980	27.715	2.009	-6.661
28.162	5.778	-9.992	43.091	-2.803
-27.450	-15.585	21.608	-34.163	-11.657
29.579	7.561	19.244	9.929	4.296
-0.567	-0.775	-3.739	-2.787	2.130
-8.411	17.577	18.139	-1.489	-20.260
-1.625	-8.043	0.665	6.387	1.802
19.929	-8.027	-3.432	13.626	7.476
26.066	-2.182	11.999	23.342	4.772
24.442	12.204	18.135	10.860	0.154
-14.968	6.251	5.452	-14.071	-17.968
-17.350	5.812	34.133	-36.092	-10.314
18.802	20.535	16.563	18.443	-15.785
29.238	-0.305	12.422	19.368	1.338
1.154	21.434	43.215	-10.190	-9.168
21.883	9.144	0.284	31.113	-13.319
-8.578	27.670	25.003	-0.469	-15.262
3.033	-3.415	-1.252	3.289	0.086
30.072	7.322	-9.350	30.533	-10.392
25.264	10.563	27.030	4.464	5.018
19.217	-5.667	5.305	11.823	7.509
24.205	0.828	-10.156	39.234	-1.567
-26.769	-25.308	-4.580	-31.823	-11.208
-26.226	-21.449	7.607	-27.958	-5.068
-6.715	22.082	19.349	-4.605	-19.065
-12.285	16.839	17.457	-8.709	-20.604
-28.471	-25.604	9.433	-37.495	-9.196
-28.716	-29.108	7.398	-34.419	-9.492
17.420	22.183	18.253	23.539	-18.034
-6.048	-40.710	-25.573	-9.915	-1.278
28.150	8.227	14.181	9.495	3.892
15.028	13.697	25.990	0.609	-2.452
-18.620	8.002	6.953	-9.950	-9.657
2.758	-2.372	-5.556	0.302	-1.052
-13.759	11.604	34.088	-27.545	-11.903
21.137	-19.704	-18.877	33.075	-1.338
-24.485	-36.968	-16.714	-20.054	-5.156
-12.663	3.788	-0.841	-8.987	-9.418
25.608	-0.294	1.150	15.024	6.968
25.014	8.811	21.958	7.472	-2.589
23.370	12.668	4.058	32.912	-8.144
-14.633	3.940	36.094	-22.280	-11.321
-2.606	2.115	2.547	1.492	1.593
11.247	-35.810	-26.174	26.349	-0.062
24.733	7.315	13.505	16.694	4.165
4.967	-6.225	-1.827	6.709	3.210
-16.944	6.063	33.920	-25.641	-14.895
-5.078	3.905	-5.079	0.764	2.263
-6.703	0.043	-5.828	-1.398	-15.016
30.389	8.558	1.265	34.452	-3.046
-0.820	-3.602	-4.277	2.878	4.790
-9.578	10.516	11.260	-12.282	-10.150
-17.745	11.655	35.866	-30.283	-6.959
18.742	-14.591	-4.273	8.788	-1.592
7.286	-32.666	-27.984	22.463	-4.827
-8.318	-49.755	-33.105	4.701	0.459
14.124	-33.225	-33.119	26.817	-0.328
-7.357	19.257	21.512	-7.719	-23.841
2.137	-36.400	-27.317	5.273	-2.000
5.602	13.167	37.279	-5.502	-5.148
25.976	7.035	3.579	30.434	-9.474
-12.280	20.046	22.830	-6.098	-17.186
5.355	28.232	29.929	-0.996	-14.206
-13.943	8.445	9.706	-11.606	-19.496
3.194	-36.116	-29.813	21.635	1.745
-15.628	4.082	8.294	-13.999	-14.719
5.700	-6.263	-6.156	-3.980	5.434
-3.593	15.174	39.894	-21.196	-8.265
-10.541	0.212	-7.812	-8.523	-6.163
8.828	29.068	20.689	11.641	-17.003
-9.764	-41.242	-20.052	-5.456	-3.279
-13.563	17.606	13.900	-12.418	-13.030
24.754	7.288	13.441	17.684	-3.753
-0.025	-9.626	-4.827	-2.627	-1.749
21.729	-1.213	11.117	19.907	7.451
-28.366	-23.627	1.880	-33.322	-6.719
-23.333	-43.893	-20.156	-11.060	-0.256
18.746	17.559	33.229	-1.149	-4.736
-0.122	-1.687	-1.962	2.030	-0.455
25.182	10.095	4.794	32.728	-6.782
-2.956	0.578	-4.424	-2.490	1.090
-27.287	-26.693	4.558	-32.819	-10.380
3.083	17.148	33.502	-18.996	-11.984
-0.734	20.569	40.420	-8.611	-13.762
-26.685	-20.567	13.018	-34.979	-6.778
4.498	3.685	-1.614	-5.260	-0.002
19.129	14.683	21.632	11.535	0.039
25.575	11.781	-1.964	34.599	-5.715
-24.806	-39.857	-7.700	-19.514	-1.479
-1.939	9.341	37.561	-17.005	-11.079
-16.985	6.956	18.007	-10.666	-13.744
-3.699	-41.368	-28.970	0.526	-4.922
-13.035	19.534	19.468	-7.104	-18.512
29.063	6.828	-5.656	36.549	-9.029
-18.713	1.440	6.468	-12.648	-18.008
15.071	-10.301	-6.152	7.253	-0.101
-0.011	-3.736	-0.123	2.501	2.001
28.150	-10.024	-12.191	34.966	-1.420
23.741	19.261	22.790	7.006	0.713
-6.032	17.707	20.711	-5.041	-16.231
-18.451	-1.724	7.756	-16.445	-16.234
-14.022	-0.707	1.677	-13.652	-4.321
0.937	-4.859	-2.701	-0.455	2.189
28.008	3.832	-6.391	40.168	-10.809
20.863	16.151	27.880	7.561	-1.693
27.233	-12.796	-20.437	30.410	-0.418
1.906	-1.020	4.608	0.017	-2.279
9.837	-11.238	-7.667	8.152	8.609
23.285	-0.540	-0.939	18.960	3.874
-26.343	-28.837	2.695	-31.472	-10.077
24.245	4.261	-12.333	38.568	-8.829
-3.823	18.022	19.375	-3.550	-20.618
13.356	-26.359	-28.882	29.672	2.768
-15.458	6.313	2.505	-11.688	-11.832
-1.835	19.409	17.565	-5.598	-18.932
-11.263	-5.917	1.308	-13.472	-14.451
2.162	26.382	25.164	9.753	-16.039
2.452	25.913	26.281	10.282	-18.922
3.260	-0.103	-1.392	2.526	-1.696
11.342	30.046	18.313	16.041	-17.016
14.188	-29.383	-30.508	21.061	-8.507
-26.374	-40.170	-12.438	-14.258	-6.806
12.775	13.209	37.999	4.497	-6.858
-3.021	-39.676	-26.630	9.260	-0.058
-9.977	-8.009	-2.221	0.131	-6.644
12.542	28.699	18.628	19.435	-16.749
-10.890	-10.589	-4.112	-3.568	-1.550
-1.069	26.284	17.703	7.699	-23.419
21.986	3.217	5.220	13.648	2.619
-7.699	-6.556	-1.273	-6.469	-1.884
8.204	-11.174	-9.797	2.348	2.344
17.755	18.945	38.652	7.607	-0.812
23.685	-3.822	-13.674	32.272	-5.444
19.758	17.712	20.655	13.004	-4.893
28.101	3.683	-9.011	40.336	-5.689
13.328	26.305	17.668	12.797	-17.372
30.952	-5.867	-14.370	42.135	-4.238
6.412	23.106	22.190	0.374	-18.376
0.108	-1.309	3.859	1.436	-0.632
23.716	13.127	26.424	7.348	-3.305
24.573	9.095	11.558	16.961	8.184
-1.318	-1.267	-2.353	3.766	-1.354
2.202	-40.229	-33.799	4.356	-2.023
17.143	-27.740	-27.988	30.144	-2.446
-10.391	-43.408	-28.765	3.413	-6.638
-15.733	0.739	32.060	-28.429	-9.948
-6.893	-8.527	-6.572	-7.057	-6.608
-4.307	-0.440	-6.004	-2.910	-1.925
7.621	-7.005	-9.730	3.649	4.635
-21.231	-16.954	21.011	-31.327	-8.964
27.649	16.482	10.780	35.161	-13.503
-20.318	-39.965	-20.265	-16.491	-1.640
-12.641	13.599	15.041	-12.864	-18.934
20.698	2.859	11.471	11.921	6.202
27.918	15.824	35.452	5.100	-0.570
-15.435	-38.548	-22.677	3.631	-7.024
11.232	-27.163	-29.769	21.153	-0.622
-28.117	-29.229	-3.351	-29.447	-4.477
22.588	25.304	13.919	30.792	-18.618
16.818	18.579	38.962	-2.068	-3.256
-5.625	-43.897	-26.582	7.412	4.215
-1.365	-38.273	-34.955	9.547	-1.279
-22.413	-36.031	-9.288	-22.991	-6.341
7.833	-14.707	-5.983	2.871	3.690
26.236	-0.740	12.361	18.841	3.422
0.139	22.004	20.145	-2.669	-19.340
-1.160	12.086	33.261	-19.561	-5.532
-22.402	-18.389	18.001	-35.383	-7.747
17.091	-13.943	1.880	8.167	7.663
12.640	18.599	36.445	0.572	-3.912
-12.621	7.767	15.715	-14.203	-14.770
12.796	-5.396	-4.373	11.637	-0.715
-10.932	21.743	13.888	-8.596	-12.277
15.522	-2.183	1.595	15.904	8.500
-14.524	-2.495	25.566	-35.343	-11.715
27.917	11.472	18.746	13.065	-2.480
27.307	2.838	-4.734	36.186	-10.491
14.771	17.125	23.462	7.821	-2.537
9.989	30.844	23.852	14.070	-16.109
-13.902	-4.171	-3.054	-4.900	-6.478
-4.216	12.367	38.444	-17.323	-7.144
-7.135	16.756	43.111	-19.356	-14.104
25.730	14.315	5.401	32.541	-15.937
-3.137	-39.750	-28.331	9.936	-4.091
-2.529	-1.093	-2.666	-1.860	1.859
0.096	-42.992	-35.263	9.921	0.981
20.863	14.549	28.238	6.371	-2.498
-9.742	-1.482	-1.165	-12.857	-11.948
0.569	19.244	41.122	-13.295	-3.243
-3.193	0.178	-1.182	1.836	0.402
-26.909	-25.109	9.809	-25.821	-10.015
24.665	-5.752	2.683	13.870	7.051
19.169	25.266	6.296	29.857	-12.592
23.654	20.856	15.883	23.020	-15.994
-11.789	-1.576	25.890	-36.041	-17.483
-18.240	-8.306	-3.234	-10.857	-9.546
18.969	17.427	27.325	7.833	0.511
-20.041	-40.493	-12.465	-13.322	-6.984
3.725	-5.426	-7.923	4.888	4.724
-15.090	17.580	16.998	-13.198	-15.941
-26.517	-10.274	23.477	-36.962	-6.744
2.733	24.849	22.388	2.154	-21.918
20.640	-11.797	-17.843	36.147	-3.197
17.431	-23.331	-26.461	34.489	-5.306
26.319	14.693	21.912	13.144	2.154
25.343	25.190	4.961	31.719	-11.266
-24.290	-33.577	-1.519	-24.368	-6.122
-3.060	-45.021	-30.415	5.195	-4.337
-2.067	18.935	26.784	3.054	-16.718
13.251	-27.277	-27.817	25.181	1.233
5.650	-12.265	0.012	6.339	4.176
25.960	2.578	8.253	20.158	5.230
21.491	-3.443	-0.557	10.301	8.425
26.194	7.489	26.130	8.418	-2.707
28.261	7.703	2.590	31.274	-5.470
-1.150	16.435	39.686	-22.609	-8.549
-23.982	-22.454	15.225	-28.070	-11.986
-19.139	-31.823	-8.087	-24.869	-6.364
12.276	25.118	16.186	17.377	-23.169
-15.459	10.837	14.084	-4.860	-18.944
7.826	15.622	36.745	-5.840	-5.221
18.298	20.306	12.889	27.370	-19.193
-22.714	-36.595	-12.542	-22.810	-6.159
7.611	-34.413	-32.930	27.643	2.514
24.108	12.878	25.333	12.963	0.088
4.853	-1.934	0.365	1.986	-2.381
-20.365	4.966	3.186	-11.742	-13.975
-7.149	22.097	20.828	-3.163	-19.306
-2.933	-5.850	-5.880	4.768	3.758
-23.624	-28.739	3.749	-30.424	-7.186
19.837	-10.432	-4.446	16.850	0.219
21.820	6.801	17.610	18.520	3.998
-4.883	-6.961	-3.390	-7.758	-4.054
-6.871	-6.598	-1.434	-8.353	3.813
8.014	-33.198	-32.750	19.713	1.005
-11.920	-13.115	-7.419	-8.464	-9.044
-2.354	21.215	19.318	-2.599	-18.542
26.293	20.045	3.943	32.072	-8.395
1.539	11.937	37.074	-23.317	-8.591
-23.626	-8.805	21.004	-36.646	-9.366
2.827	-0.802	-0.759	-1.768	2.505
0.469	-40.839	-30.686	9.423	-3.846
21.713	13.227	2.611	28.507	-13.841
-9.989	-4.003	0.599	-7.724	-8.084
12.102	-10.116	-1.417	13.990	4.751
24.087	-17.949	-22.316	31.905	-4.095
-16.068	10.849	12.836	-9.751	-13.210
-1.810	-37.176	-27.111	3.165	0.945
6.381	14.208	34.264	-15.279	-5.215
-9.045	13.843	38.861	-24.003	-10.806
-13.748	-9.140	0.413	-4.716	-7.760
-13.473	-40.452	-28.316	-4.354	-6.360
-25.981	-37.909	-10.401	-22.308	-10.241
13.622	27.948	18.465	22.060	-12.682
11.814	-24.335	-24.914	25.054	1.253
-6.253	-6.199	-8.327	-5.029	-0.295
20.911	5.495	18.785	12.217	0.958
13.768	-9.974	-10.862	9.287	6.156
19.689	21.574	10.861	33.106	-13.342
-27.829	-29.725	-8.200	-27.559	-10.438
-5.102	-3.376	3.180	-5.758	-2.790
17.777	25.013	13.892	14.488	-17.858
-1.226	2.357	-1.378	1.023	0.851
-11.635	19.874	12.153	-8.123	-17.472
2.619	-2.869	-0.675	2.472	2.753
21.423	20.348	11.923	20.687	-14.773
-8.025	10.194	11.580	-8.589	-13.974
-3.011	-6.336	0.194	-2.538	2.689
-16.885	-42.260	-24.403	-8.150	-0.145
-7.961	13.337	33.924	-23.825	-12.998
-24.626	-38.623	-18.644	-15.809	2.986
5.756	-9.790	-1.177	6.257	4.592
11.368	-7.935	-1.086	6.279	8.573
27.031	14.991	-3.975	33.133	-6.945
-19.016	-1.027	-5.160	-0.298	-4.960
-18.103	-3.351	34.551	-32.779	-13.338
1.798	-9.189	-8.251	4.185	-2.276
19.893	-6.201	0.566	11.698	5.634
-9.325	10.874	33.553	-24.687	-9.848
-30.144	-10.764	14.854	-34.049	-11.320
-10.916	22.375	16.026	-4.951	-11.845
-14.554	-6.062	-8.349	-7.233	-7.189
-1.042	22.478	17.171	0.627	-21.321
10.665	14.392	31.666	4.963	2.219
-9.166	17.419	18.234	-10.752	-18.052
-4.479	2.322	-2.413	-2.094	1.837
-31.165	-27.768	12.685	-32.455	-8.445
1.844	23.136	21.329	8.974	-16.785
3.363	15.149	39.175	-5.848	-4.305
3.856	-0.192	-3.883	2.100	0.934
-1.640	-41.471	-29.860	4.941	-2.513
-9.894	-1.171	-2.596	-10.267	-7.316
-1.055	28.888	13.846	3.202	-19.423
-15.906	1.829	27.029	-33.510	-12.345
27.428	-15.105	-25.909	34.161	-3.829
-28.856	-7.224	23.910	-31.447	-7.655
-15.076	7.837	37.278	-28.708	-8.211
3.092	3.173	-1.719	-1.322	-2.945
-7.688	18.503	17.898	-0.119	-16.863
-13.800	-0.622	-0.426	-6.341	-10.196
22.298	7.260	-2.804	38.003	-6.167
0.805	16.313	40.021	-22.039	-9.158
0.213	-2.022	-0.370	0.204	-0.311
-10.374	7.957	34.147	-22.698	-9.685
16.039	13.895	32.410	-1.567	-2.679
-19.660	-11.338	18.752	-31.445	-9.882
0.320	-7.768	0.758	1.992	3.761
19.720	-0.293	0.698	16.586	9.151
6.423	-8.593	-2.589	2.845	-0.418
-12.827	14.072	18.680	-9.678	-14.879
25.858	7.340	15.869	10.506	4.850
-16.306	-1.124	-7.367	-10.448	-8.956
3.647	24.552	24.212	11.111	-27.361
31.265	5.636	-15.552	34.710	-9.242
-12.027	-2.780	-6.353	-7.082	-11.471
16.362	-11.589	-4.461	11.087	8.829
-2.306	12.863	32.962	-13.961	-12.523
-20.119	7.130	34.573	-29.254	-5.567
-25.477	-17.351	19.090	-33.064	-5.917
-6.196	19.028	17.241	-2.444	-16.529
-2.202	25.939	27.053	-1.805	-15.780
-22.232	-30.824	-7.127	-26.794	-9.350
22.760	23.168	14.683	23.226	-15.726
10.498	-14.842	-3.643	9.018	4.944
3.008	-3.265	-0.068	4.299	3.669
11.019	-9.010	1.193	9.554	-0.955
24.084	22.272	5.808	32.519	-9.622
-14.522	-38.576	-18.137	-11.239	-2.810
-16.858	-41.413	-15.508	-13.642	-7.034
20.339	-7.265	8.741	18.866	2.907
26.471	-3.569	9.101	16.053	7.329
-7.207	-3.989	-6.094	-3.190	-3.949
-28.474	-22.082	13.912	-34.745	-7.500
-14.181	8.000	36.678	-22.413	-12.035
-1.988	11.778	38.555	-19.058	-4.266
0.411	-6.546	3.101	-1.215	3.049
-0.681	14.254	37.685	-15.634	-5.584
10.462	-13.796	-6.433	4.646	5.274
19.077	16.010	6.383	32.681	-15.609
-13.251	4.567	33.435	-31.984	-9.002
-17.215	13.391	17.002	-14.514	-23.672
-24.370	-19.111	12.374	-32.172	-6.447
-24.688	-20.976	5.656	-33.554	-7.077
-18.806	2.202	9.622	-14.571	-13.079
22.475	9.948	19.306	16.870	0.529
-0.454	0.440	-3.067	-6.934	2.946
19.033	29.172	13.628	17.328	-15.760
-9.857	13.992	40.499	-17.820	-2.661
-18.578	1.150	34.293	-31.771	-11.605
-6.861	9.668	39.344	-27.571	-12.072
-17.406	-42.545	-28.784	-8.581	-4.807
8.297	27.005	22.621	13.205	-19.762
